{
    "avail_var": [
        "Home location",
        "Age",
        "Sex",
        "Marital status",
        "Religion",
        "Education",
        "Employment"
    ],
    "marginals": {
        "Employment": {
            "probs": [
                0.19345287640609765,
                0.8065471235939023
            ],
            "uniqVals": [
                "Unemployed",
                "Employed"
            ]
        },
        "Home location": {
            "probs": [
                0.02185545435087636,
                0.14918309591191228,
                0.013115650788365954,
                0.043984399153368686,
                0.02737282693999857,
                0.019263240505124974,
                0.030226640348165235,
                0.009215439130538182,
                0.07039406406811101,
                0.1519893457632762,
                0.04418654426978049,
                0.04600585031748674,
                0.02948940521772218,
                0.028692715641275655,
                0.05928797355466242,
                0.06278389497966658,
                0.014792266165663868,
                0.050346024875740206,
                0.03102332992461176,
                0.0800375752098742,
                0.01675426288377845
            ],
            "uniqVals": [
                "Borolong",
                "Gaborone",
                "Tshabong (Kgalagadi South)",
                "Ngamiland East",
                "North East",
                "Ghanzi, Central Kgalagadi Game Reserve (CKGR)",
                "Central Bobonong",
                "Hukunsti (Kgalagadi North)",
                "Ngwaketse, Ngwaketse West, Ngwaketse Southern, Southern, Jwaneng",
                "Kweneng, Kweneng South, Kweneng North",
                "South East",
                "Kgatleng",
                "Selebi Phikwe",
                "Ngamiland West, Delta",
                "Francistown",
                "Central Tutume, Sowa",
                "Chobe",
                "Central Mahalapye",
                "Central Boteti, Orapa",
                "Central Serowe/ Palapye",
                "Lobaste"
            ]
        },
        "Education": {
            "probs": [
                0.07997812076387072,
                0.5189302956075055,
                0.2193631239744108,
                0.18172845965421294
            ],
            "uniqVals": [
                "University completed",
                "Primary completed",
                "Secondary completed",
                "Less than primary completed"
            ]
        },
        "Religion": {
            "probs": [
                0.04866940949844229,
                0.0026873409593569405,
                0.007943113986063878,
                0.7869628290803586,
                0.15373730647577827
            ],
            "uniqVals": [
                "Other",
                "Hindu",
                "Muslim",
                "Christian",
                "No religion"
            ]
        },
        "Age": {
            "probs": [
                0.0233732386509893,
                0.023591582769133004,
                0.023700971870071797,
                0.02371052171221725,
                0.02373830307118583,
                0.023518656701840477,
                0.02324561803322738,
                0.0229283028237581,
                0.022575826831844215,
                0.022186887806284063,
                0.021762353914545413,
                0.021354749288428242,
                0.02099185528690114,
                0.02065413814193931,
                0.020309475657235333,
                0.0199800061032173,
                0.01960929859448028,
                0.019172176274458996,
                0.018706404428001356,
                0.01825973226583462,
                0.017803076177788545,
                0.01747838154484324,
                0.017355535848154042,
                0.01736074485296065,
                0.017358140350557345,
                0.017381580872187087,
                0.017332963493992066,
                0.017150648325760746,
                0.016886291331825332,
                0.01663452276617255,
                0.01635844551142227,
                0.01614921715169013,
                0.01605588914890505,
                0.016019426115258785,
                0.01594085695942576,
                0.015850133459043986,
                0.015635262010771356,
                0.01523416864066245,
                0.014701547899186661,
                0.014165020404105914,
                0.013609827308468152,
                0.0130133962581114,
                0.012379199922906732,
                0.011721128982338437,
                0.011055678618294115,
                0.010388491919314253,
                0.009735195899818685,
                0.009107076736888394,
                0.008510211602797758,
                0.007931577985530253,
                0.0073642305453437374,
                0.006896288280216679,
                0.0065668187261986475,
                0.006337622514707843,
                0.006121014731499679,
                0.005923506632582414,
                0.005765066069714718,
                0.0056426544567594016,
                0.005542815197966059,
                0.005456866618657007,
                0.005390017723638856,
                0.00526977652935296,
                0.005060548169620824,
                0.004791850338346567,
                0.0045340046004194124,
                0.004278763364895562,
                0.004010065533621305,
                0.0037283451903305253,
                0.00344184992596702,
                0.00315275015920021,
                0.0028554028014896025,
                0.0025971229798285632,
                0.0023996148809112983,
                0.0022416084017774862,
                0.0020844700901114428,
                0.001940354290461922,
                0.0017754024715859642,
                0.0015696467817249015,
                0.0013430550726374019,
                0.001132958545437498,
                0.0009298073579797398,
                0.0007592124505632889,
                0.0006368008376079731,
                0.0005495500070972692,
                0.0004666400139254063,
                0.00039241169543122536,
                0.00032729913534861055,
                0.0002656592451370685,
                0.00020879427599825154,
                0.00015800647913381198,
                0.00012284569668919996,
                9.897109132557454e-05,
                7.336015102641272e-05,
                4.644695952559858e-05,
                2.691319150081413e-05,
                1.8231516823132154e-05,
                1.4324763218175263e-05,
                9.549842145450175e-06,
                4.340837338840989e-06,
                1.7363349355363955e-06,
                8.681674677681977e-07
            ],
            "uniqVals": [
                0,
                1,
                2,
                3,
                4,
                5,
                6,
                7,
                8,
                9,
                10,
                11,
                12,
                13,
                14,
                15,
                16,
                17,
                18,
                19,
                20,
                21,
                22,
                23,
                24,
                25,
                26,
                27,
                28,
                29,
                30,
                31,
                32,
                33,
                34,
                35,
                36,
                37,
                38,
                39,
                40,
                41,
                42,
                43,
                44,
                45,
                46,
                47,
                48,
                49,
                50,
                51,
                52,
                53,
                54,
                55,
                56,
                57,
                58,
                59,
                60,
                61,
                62,
                63,
                64,
                65,
                66,
                67,
                68,
                69,
                70,
                71,
                72,
                73,
                74,
                75,
                76,
                77,
                78,
                79,
                80,
                81,
                82,
                83,
                84,
                85,
                86,
                87,
                88,
                89,
                90,
                91,
                92,
                93,
                94,
                95,
                96,
                97,
                98,
                99,
                100
            ]
        },
        "Marital status": {
            "probs": [
                0.025149230659468714,
                0.49370971961283266,
                0.017705534019834004,
                0.4634355157078646
            ],
            "uniqVals": [
                "Widowed",
                "Married/in union",
                "Separated/divorced/spouse absent",
                "Single/never married"
            ]
        },
        "Sex": {
            "probs": [
                0.46079573830531045,
                0.5392042616946895
            ],
            "uniqVals": [
                "Female",
                "Male"
            ]
        }
    },
    "pop_num": 2352000,
    "corr": [
        [
            1.000000000000001,
            0.1803764155285628,
            0.07945193305224062,
            0.11550517310502513,
            0.22426589563380162,
            0.3226872048777314,
            0.10956574230927206
        ],
        [
            0.1803764155285628,
            0.9999999999999998,
            3.58046925441613e-15,
            0.5159459063612869,
            0.12933022123159865,
            0.495021435283752,
            0.4569017140058207
        ],
        [
            0.07945193305224062,
            3.58046925441613e-15,
            0.9999999999999994,
            0.15642282686476922,
            0.29460265119030016,
            0.12372028792740665,
            0.09852670644841922
        ],
        [
            0.11550517310502513,
            0.5159459063612869,
            0.15642282686476922,
            1.0000000000000004,
            0.12055348916320029,
            0.24518698267515637,
            0.34757717270713806
        ],
        [
            0.22426589563380162,
            0.12933022123159865,
            0.29460265119030016,
            0.12055348916320029,
            0.9999999999999996,
            0.2503660303482513,
            0.07833517395399499
        ],
        [
            0.3226872048777314,
            0.495021435283752,
            0.12372028792740665,
            0.24518698267515637,
            0.2503660303482513,
            1.0000000000000004,
            0.22817972400676373
        ],
        [
            0.10956574230927206,
            0.4569017140058207,
            0.09852670644841922,
            0.34757717270713806,
            0.07833517395399499,
            0.22817972400676373,
            0.9999999999999974
        ]
    ]
}