{
    "avail_var": [
        "Home location",
        "Age",
        "Sex",
        "Marital status",
        "Religion",
        "Education",
        "Employment"
    ],
    "marginals": {
        "Employment": {
            "probs": [
                0.07703143607722959,
                0.9229685639227704
            ],
            "uniqVals": [
                "Unemployed",
                "Employed"
            ]
        },
        "Home location": {
            "probs": [
                0.23770798958605144,
                0.3832737232220459,
                0.029576163280040653,
                0.1157090137158844,
                0.007233652670879594,
                0.026023099817343895,
                0.034739975004953884,
                0.013584434796086333,
                0.02170880575082254,
                0.1304431421558914
            ],
            "uniqVals": [
                "Quebec",
                "Ontario",
                "Saskatchewan",
                "Alberta",
                "Prince Edward Island, Yukon Territory, Northwest Territories, Nunavut",
                "Nova Scotia",
                "Manitoba",
                "Newfoundland and Labrador",
                "New Brunswick",
                "British Columbia"
            ]
        },
        "Education": {
            "probs": [
                0.3072311021559699,
                0.5776229593428304,
                0.11514593850119972
            ],
            "uniqVals": [
                "University completed",
                "Secondary completed",
                "Less than primary completed"
            ]
        },
        "Religion": {
            "probs": [
                0.01866976913916198,
                0.010172630620697232,
                0.011547946737400948,
                0.015754334403895617,
                0.02689419875574111,
                0.6677718897942126,
                0.24918923054889042
            ],
            "uniqVals": [
                "Other",
                "Jewish",
                "Buddhist",
                "Hindu",
                "Muslim",
                "Christian",
                "No religion"
            ]
        },
        "Age": {
            "probs": [
                0.01058981576506912,
                0.010622078970383017,
                0.010638491238869126,
                0.010641511737792465,
                0.010429836242448014,
                0.010512004505194426,
                0.010568378241737102,
                0.010602485822499763,
                0.010617775427669233,
                0.0106310870069951,
                0.010659340700463855,
                0.010639186220922284,
                0.010547421859826501,
                0.010427590915814737,
                0.010331362631531366,
                0.010230269472875891,
                0.01028771241257727,
                0.010584549939512501,
                0.011041634289858515,
                0.011478270129794311,
                0.011905657362407318,
                0.012368836170757944,
                0.012863957423474856,
                0.01335894502579693,
                0.013851313080380179,
                0.014372362509695664,
                0.014674679702819255,
                0.014644554903822769,
                0.014400562743006487,
                0.014160045492455992,
                0.013861630890861672,
                0.013687751727177414,
                0.013745435237589502,
                0.01393839967765663,
                0.014077262437893326,
                0.014216579609472473,
                0.014237749832014816,
                0.014068013830570535,
                0.013779088407009714,
                0.013515716938941921,
                0.013249592272740465,
                0.013032650951839399,
                0.012905522696269479,
                0.012841958568484517,
                0.01278272471349231,
                0.012748670592887583,
                0.012718438873575225,
                0.012678477405518657,
                0.012650464282760608,
                0.012634158934590372,
                0.012587087265528422,
                0.012724961012843318,
                0.013141469103316511,
                0.013715016407724368,
                0.014243951210335299,
                0.014784861088323714,
                0.015100169099825563,
                0.01505635850039766,
                0.014765080829887688,
                0.014483105226858443,
                0.014173063040913217,
                0.013808865714979626,
                0.013407754149991773,
                0.012977720639560974,
                0.012497862261934563,
                0.011958449268368332,
                0.011489229462171029,
                0.011148340765097187,
                0.010877698715550206,
                0.010577118977559509,
                0.010285600736338829,
                0.009877940302003915,
                0.009287820348636141,
                0.008585808284709982,
                0.007907265230117378,
                0.0072231623190995116,
                0.006609225865371604,
                0.006116189558814164,
                0.005707540111557449,
                0.005291914113690188,
                0.004882516224222379,
                0.004507974357728325,
                0.004171763424473813,
                0.0038646080870570866,
                0.0035755490131014265,
                0.003308782825004748,
                0.0030333293612435984,
                0.002733364415069156,
                0.002422253025965224,
                0.0021096180223601382,
                0.001873671615313106,
                0.001654110746673214,
                0.0013686869634571483,
                0.0010208484458517294,
                0.0007733546446906924,
                0.0006639217013973255,
                0.0005534462850242219,
                0.0004137548923395281,
                0.00024487425342221183,
                0.00014423550610918623,
                0.0002167007501903582
            ],
            "uniqVals": [
                0,
                1,
                2,
                3,
                4,
                5,
                6,
                7,
                8,
                9,
                10,
                11,
                12,
                13,
                14,
                15,
                16,
                17,
                18,
                19,
                20,
                21,
                22,
                23,
                24,
                25,
                26,
                27,
                28,
                29,
                30,
                31,
                32,
                33,
                34,
                35,
                36,
                37,
                38,
                39,
                40,
                41,
                42,
                43,
                44,
                45,
                46,
                47,
                48,
                49,
                50,
                51,
                52,
                53,
                54,
                55,
                56,
                57,
                58,
                59,
                60,
                61,
                62,
                63,
                64,
                65,
                66,
                67,
                68,
                69,
                70,
                71,
                72,
                73,
                74,
                75,
                76,
                77,
                78,
                79,
                80,
                81,
                82,
                83,
                84,
                85,
                86,
                87,
                88,
                89,
                90,
                91,
                92,
                93,
                94,
                95,
                96,
                97,
                98,
                99,
                100
            ]
        },
        "Marital status": {
            "probs": [
                0.01232094894850118,
                0.6259905317038813,
                0.08198335887118134,
                0.2797051604764362
            ],
            "uniqVals": [
                "Widowed",
                "Married/in union",
                "Separated/divorced/spouse absent",
                "Single/never married"
            ]
        },
        "Sex": {
            "probs": [
                0.4793378863294363,
                0.5206621136705637
            ],
            "uniqVals": [
                "Female",
                "Male"
            ]
        }
    },
    "pop_num": 37742000,
    "corr": [
        [
            1.0000000000000004,
            0.07937243248938627,
            9.853229343548264e-16,
            5.689893001203927e-16,
            0.38320541387491824,
            0.11152459679771938,
            0.06274414062500053
        ],
        [
            0.07937243248938627,
            1.0000000000000004,
            4.3021142204224816e-16,
            0.7074547948415638,
            0.18159921524556225,
            0.3539028092708413,
            0.2517141268916091
        ],
        [
            9.853229343548264e-16,
            4.3021142204224816e-16,
            1.0000000000000004,
            0.1390169793360342,
            0.09256891233900028,
            0.09195760032822696,
            5.759281940243e-16
        ],
        [
            5.689893001203927e-16,
            0.7074547948415638,
            0.1390169793360342,
            1.0000000000000004,
            0.09384167194363666,
            0.14838638336712814,
            0.24827720268515976
        ],
        [
            0.38320541387491824,
            0.18159921524556225,
            0.09256891233900028,
            0.09384167194363666,
            1.0000000000000007,
            0.1878051757812501,
            0.0993443373226961
        ],
        [
            0.11152459679771938,
            0.3539028092708413,
            0.09195760032822696,
            0.14838638336712814,
            0.1878051757812501,
            1.000000000000003,
            0.17219540479584455
        ],
        [
            0.06274414062500053,
            0.2517141268916091,
            5.759281940243e-16,
            0.24827720268515976,
            0.0993443373226961,
            0.17219540479584455,
            0.9999999999999971
        ]
    ]
}