{
    "avail_var": [
        "Home location",
        "Age",
        "Sex",
        "Marital status",
        "Religion",
        "Education",
        "Employment"
    ],
    "marginals": {
        "Employment": {
            "probs": [
                0.13485805085824779,
                0.8651419491417522
            ],
            "uniqVals": [
                "Unemployed",
                "Employed"
            ]
        },
        "Home location": {
            "probs": [
                0.012168766944685416,
                0.004481800325609585,
                0.010924388293673362,
                0.008568047819451353,
                0.013406354989143518,
                0.03777953956292261,
                0.019886291293254043,
                0.009053576188059059,
                0.004108316965142119,
                0.0037704842890829114,
                0.008747998893131131,
                0.024755156192439,
                0.05584425064807851,
                0.021757103398868344,
                0.009601917667290837,
                0.008457700462949603,
                0.009897309052387832,
                0.002094902121894783,
                0.015025914652261527,
                0.0016569079991647555,
                0.014355342255058577,
                0.035068389896256505,
                0.008428840385095298,
                0.016603033024417322,
                0.0036822064038815106,
                0.0019268346096844235,
                0.0030812377238565894,
                0.01222139414547856,
                0.01638233831141382,
                0.021899706136501378,
                0.010192700437484827,
                0.0047211692066364596,
                0.014428341275513581,
                0.008829486171778578,
                0.022279980103522796,
                0.34357413390057534,
                0.022639882250882353,
                0.00626093924274551,
                0.025979163023789192,
                0.0022409001628047923,
                0.020241100485698132,
                0.03606151610477227,
                0.009569662286159556,
                0.05734497469650233
            ],
            "uniqVals": [
                "Arica, Parinacota",
                "Petorca",
                "Malleco",
                "San Antonio",
                "Osorno",
                "Cautín",
                "Bío Bío",
                "Limarí",
                "Huasco",
                "Coihaique",
                "Chacabuco",
                "Ñuble",
                "Concepción",
                "Llanquihue",
                "Magallanes, Tierra del Fuego, Antártica Chilena",
                "Arauco",
                "Chiloé",
                "Chañaral",
                "Linares",
                "Ma. Esperanza, Capitán Prat",
                "Quillota",
                "Cachapoal",
                "San Felipe de Aconcagüa",
                "Curicó",
                "Aisén, General Carrera, Palena",
                "Tocopilla",
                "Cauquenes",
                "Colchagua",
                "Iquique",
                "Antofagasta",
                "Copiapó",
                "Choapa",
                "Talagante",
                "Melipilla",
                "Talca",
                "Santiago",
                "Elqui",
                "Los Andes",
                "Maipo",
                "Cardenal Caro",
                "Valdivia",
                "Cordillera",
                "El Loa",
                "Valparaíso, Isla de Pascua"
            ]
        },
        "Education": {
            "probs": [
                0.07068851657502177,
                0.4024164373422245,
                0.4138670976438293,
                0.11302794843892444
            ],
            "uniqVals": [
                "University completed",
                "Primary completed",
                "Secondary completed",
                "Less than primary completed"
            ]
        },
        "Religion": {
            "probs": [
                0.0618437515384968,
                0.0014209344214148568,
                0.0002987866883739723,
                0.8429502469234308,
                0.09348628042828355
            ],
            "uniqVals": [
                "Other",
                "Jewish",
                "Muslim",
                "Christian",
                "No religion"
            ]
        },
        "Age": {
            "probs": [
                0.011510320659496458,
                0.012124819313598774,
                0.012606192422080265,
                0.012968264357890853,
                0.013209452177562987,
                0.013337828892781168,
                0.013404523577547211,
                0.013420300247440444,
                0.013396081212386952,
                0.013344371725780369,
                0.013277518746667572,
                0.013198951985894915,
                0.013116269572106634,
                0.013045089880849204,
                0.012982669143445542,
                0.012916765930413276,
                0.012973118717858001,
                0.013209979825385503,
                0.013571049230333311,
                0.013919824441016491,
                0.014257835636120339,
                0.014652991090402691,
                0.015117004585523399,
                0.015606028587431374,
                0.016075371325559494,
                0.01654708847888894,
                0.016848058796852156,
                0.016891589742209737,
                0.016753715366186268,
                0.01661077557106664,
                0.016444197153498288,
                0.01621730858981634,
                0.015934911475205694,
                0.015616950897357458,
                0.015273030046641425,
                0.01489465379311509,
                0.014589778881265253,
                0.014410906269432276,
                0.01431397736443606,
                0.014203910028659188,
                0.01410239058760708,
                0.013985200006226241,
                0.013831760019438543,
                0.013659377475822514,
                0.013500344422116145,
                0.013341627957103286,
                0.013215889480997684,
                0.013140383077595623,
                0.013094424952254465,
                0.013036278162213184,
                0.012969952830922903,
                0.012887692535392634,
                0.012779788555688081,
                0.012646768539631757,
                0.012503775979729879,
                0.012354029527699793,
                0.012148563465612003,
                0.011866482939694865,
                0.011530212982405317,
                0.011180013122601343,
                0.010803747460365071,
                0.01044019811065144,
                0.010111156928530365,
                0.009796573296746231,
                0.009464207933343304,
                0.009132211923416138,
                0.008740275120851135,
                0.008258954777151897,
                0.007724183709031773,
                0.007199174125628196,
                0.006668518710523697,
                0.006189467252461278,
                0.0057961058007754826,
                0.005461840905211498,
                0.0051255709479219504,
                0.004798745886655443,
                0.004482737605750516,
                0.00417163644959499,
                0.003868397245994954,
                0.0035814095953284166,
                0.003308773965434318,
                0.003046005349821272,
                0.0027916790993684844,
                0.0025464283914629743,
                0.0023126276413060654,
                0.0020895909067284854,
                0.0018761045977384481,
                0.0016715355369489341,
                0.0014763058426179561,
                0.0012807067948112166,
                0.001134706642320996,
                0.0009916613176368658,
                0.0008087785823527656,
                0.0005885911460167733,
                0.00042670879406881627,
                0.0003492500937234444,
                0.00028682935631978303,
                0.0002165466663606309,
                0.00013840202384598802,
                9.186348590006297e-05,
                0.00018335761832436462
            ],
            "uniqVals": [
                0,
                1,
                2,
                3,
                4,
                5,
                6,
                7,
                8,
                9,
                10,
                11,
                12,
                13,
                14,
                15,
                16,
                17,
                18,
                19,
                20,
                21,
                22,
                23,
                24,
                25,
                26,
                27,
                28,
                29,
                30,
                31,
                32,
                33,
                34,
                35,
                36,
                37,
                38,
                39,
                40,
                41,
                42,
                43,
                44,
                45,
                46,
                47,
                48,
                49,
                50,
                51,
                52,
                53,
                54,
                55,
                56,
                57,
                58,
                59,
                60,
                61,
                62,
                63,
                64,
                65,
                66,
                67,
                68,
                69,
                70,
                71,
                72,
                73,
                74,
                75,
                76,
                77,
                78,
                79,
                80,
                81,
                82,
                83,
                84,
                85,
                86,
                87,
                88,
                89,
                90,
                91,
                92,
                93,
                94,
                95,
                96,
                97,
                98,
                99,
                100
            ]
        },
        "Marital status": {
            "probs": [
                0.01708516608974805,
                0.5944395118232948,
                0.06603864873720183,
                0.3224366733497553
            ],
            "uniqVals": [
                "Widowed",
                "Married/in union",
                "Separated/divorced/spouse absent",
                "Single/never married"
            ]
        },
        "Sex": {
            "probs": [
                0.3487961103405659,
                0.6512038896594341
            ],
            "uniqVals": [
                "Female",
                "Male"
            ]
        }
    },
    "pop_num": 19116000,
    "corr": [
        [
            0.9999999999999994,
            1.249000902703301e-16,
            0.1331720421399854,
            -1.3877787807814457e-17,
            0.138955883929042,
            0.2346343996466667,
            0.08101937667774373
        ],
        [
            1.249000902703301e-16,
            1.0,
            0.07910120127771142,
            0.5668266441791687,
            0.15670813875010559,
            0.31497199724347735,
            0.20398027766356203
        ],
        [
            0.1331720421399854,
            0.07910120127771142,
            1.000000000000002,
            0.29542774334186184,
            0.07190381077913292,
            0.19442256883516035,
            6.38378239159465e-16
        ],
        [
            -1.3877787807814457e-17,
            0.5668266441791687,
            0.29542774334186184,
            1.0000000000000004,
            0.11739395515177078,
            0.06274414059592451,
            0.23393014404766216
        ],
        [
            0.138955883929042,
            0.15670813875010559,
            0.07190381077913292,
            0.11739395515177078,
            0.9999999999999997,
            0.14318354719657272,
            0.13429064000808077
        ],
        [
            0.2346343996466667,
            0.31497199724347735,
            0.19442256883516035,
            0.06274414059592451,
            0.14318354719657272,
            1.0000000000000013,
            0.12234786559912111
        ],
        [
            0.08101937667774373,
            0.20398027766356203,
            6.38378239159465e-16,
            0.23393014404766216,
            0.13429064000808077,
            0.12234786559912111,
            0.9999999999999979
        ]
    ]
}