{
    "avail_var": [
        "Home location",
        "Age",
        "Sex",
        "Marital status",
        "Religion",
        "Education",
        "Employment"
    ],
    "marginals": {
        "Employment": {
            "probs": [
                0.13485805085824779,
                0.8651419491417522
            ],
            "uniqVals": [
                "Unemployed",
                "Employed"
            ]
        },
        "Home location": {
            "probs": [
                0.012168766944685416,
                0.004481800325609585,
                0.010924388293673362,
                0.008568047819451353,
                0.013406354989143518,
                0.03777953956292261,
                0.019886291293254043,
                0.009053576188059059,
                0.004108316965142119,
                0.0037704842890829114,
                0.008747998893131131,
                0.024755156192439,
                0.05584425064807851,
                0.021757103398868344,
                0.009601917667290837,
                0.008457700462949603,
                0.009897309052387832,
                0.002094902121894783,
                0.015025914652261527,
                0.0016569079991647555,
                0.014355342255058577,
                0.035068389896256505,
                0.008428840385095298,
                0.016603033024417322,
                0.0036822064038815106,
                0.0019268346096844235,
                0.0030812377238565894,
                0.01222139414547856,
                0.01638233831141382,
                0.021899706136501378,
                0.010192700437484827,
                0.0047211692066364596,
                0.014428341275513581,
                0.008829486171778578,
                0.022279980103522796,
                0.34357413390057534,
                0.022639882250882353,
                0.00626093924274551,
                0.025979163023789192,
                0.0022409001628047923,
                0.020241100485698132,
                0.03606151610477227,
                0.009569662286159556,
                0.05734497469650233
            ],
            "uniqVals": [
                "Arica, Parinacota",
                "Petorca",
                "Malleco",
                "San Antonio",
                "Osorno",
                "Cautín",
                "Bío Bío",
                "Limarí",
                "Huasco",
                "Coihaique",
                "Chacabuco",
                "Ñuble",
                "Concepción",
                "Llanquihue",
                "Magallanes, Tierra del Fuego, Antártica Chilena",
                "Arauco",
                "Chiloé",
                "Chañaral",
                "Linares",
                "Ma. Esperanza, Capitán Prat",
                "Quillota",
                "Cachapoal",
                "San Felipe de Aconcagüa",
                "Curicó",
                "Aisén, General Carrera, Palena",
                "Tocopilla",
                "Cauquenes",
                "Colchagua",
                "Iquique",
                "Antofagasta",
                "Copiapó",
                "Choapa",
                "Talagante",
                "Melipilla",
                "Talca",
                "Santiago",
                "Elqui",
                "Los Andes",
                "Maipo",
                "Cardenal Caro",
                "Valdivia",
                "Cordillera",
                "El Loa",
                "Valparaíso, Isla de Pascua"
            ]
        },
        "Education": {
            "probs": [
                0.07068851657502177,
                0.4024164373422245,
                0.4138670976438293,
                0.11302794843892444
            ],
            "uniqVals": [
                "University completed",
                "Primary completed",
                "Secondary completed",
                "Less than primary completed"
            ]
        },
        "Religion": {
            "probs": [
                0.0618437515384968,
                0.0014209344214148568,
                0.0002987866883739723,
                0.8429502469234308,
                0.09348628042828355
            ],
            "uniqVals": [
                "Other",
                "Jewish",
                "Muslim",
                "Christian",
                "No religion"
            ]
        },
        "Age": {
            "probs": [
                0.002195063568565603,
                5.092954915465437e-5,
                0.028719172768309598,
                0.021397201251508787,
                0.00011204500814023961,
                0.024690645430176437,
                0.012002397084113546,
                0.02957818449738477,
                0.029123213858269856,
                0.010274187716132274,
                0.0031253766664572896,
                0.009313316888747794,
                0.0010253815896470412,
                2.886007785430414e-5,
                0.010696902974115905,
                0.019256462535374816,
                5.432485243163132e-5,
                0.02759023442871476,
                0.0004023434383217695,
                0.0017910224786053452,
                0.028328712891457247,
                0.010795366769148237,
                0.017962851986846596,
                0.001889486273637677,
                3.734833604674654e-5,
                0.026951917412643092,
                0.02745611994927417,
                0.00014260273763303224,
                0.004654960792735409,
                0.005137093858066137,
                0.004996188772071594,
                0.01776762204842042,
                0.021959123943848476,
                0.00010016144667082025,
                0.02939823342370499,
                0.02260083626319712,
                8.82778852014009e-5,
                0.0027773580805671516,
                4.583659423918893e-5,
                4.2441290962211975e-5,
                4.583659423918893e-5,
                0.030240268636395274,
                0.020835278559169102,
                0.013545562423499573,
                0.01766406529847262,
                0.028449246157789928,
                0.0004549706391149123,
                0.028340596452926668,
                0.00036499510227502293,
                0.0002003228933416405,
                5.772015570860828e-5,
                0.025405356769980087,
                0.0008352446061363316,
                0.008495048798996348,
                0.02752232836317522,
                8.318493028593547e-5,
                0.006727793443329842,
                0.0002970890367354838,
                0.029391442817151035,
                0.0014345156345227648,
                0.029367675694212197,
                0.019993243346478815,
                0.0005347602661238709,
                6.790606553953915e-5,
                0.00022239236464199072,
                4.7534245877677406e-5,
                0.003597323821957087,
                0.007432318873302561,
                0.020689280518259093,
                0.015487675897930393,
                0.015450327561883647,
                0.022149260927359183,
                8.318493028593547e-5,
                0.023670356795444863,
                0.0011510078108951888,
                4.583659423918893e-5,
                0.014694872582756273,
                0.0015295841262781195,
                0.02967834594405559,
                0.022582162095173747,
                0.005568297374242211,
                0.029316746145057544,
                0.012102558530784365,
                2.3767122938838703e-5,
                0.024782318618654816,
                0.004780587013983557
            ],
            "uniqVals": [
                68,
                89,
                39,
                46,
                85,
                25,
                55,
                42,
                29,
                58,
                66,
                59,
                74,
                95,
                57,
                20,
                90,
                31,
                78,
                70,
                33,
                18,
                52,
                69,
                96,
                26,
                35,
                83,
                65,
                17,
                64,
                49,
                44,
                84,
                37,
                45,
                86,
                67,
                99,
                93,
                94,
                30,
                47,
                54,
                50,
                32,
                77,
                40,
                80,
                82,
                91,
                43,
                75,
                60,
                34,
                87,
                61,
                79,
                38,
                71,
                36,
                48,
                76,
                100,
                81,
                98,
                16,
                62,
                21,
                19,
                51,
                22,
                88,
                24,
                73,
                92,
                53,
                72,
                28,
                23,
                63,
                27,
                56,
                97,
                41,
                15
            ]
        },
        "Marital status": {
            "probs": [
                0.01708516608974805,
                0.5944395118232948,
                0.06603864873720183,
                0.3224366733497553
            ],
            "uniqVals": [
                "Widowed",
                "Married/in union",
                "Separated/divorced/spouse absent",
                "Single/never married"
            ]
        },
        "Sex": {
            "probs": [
                0.3487961103405659,
                0.6512038896594341
            ],
            "uniqVals": [
                "Female",
                "Male"
            ]
        }
    },
    "pop_num": 19116000,
    "corr": [
        [
            0.9999999999999994,
            1.249000902703301e-16,
            0.1331720421399854,
            -1.3877787807814457e-17,
            0.138955883929042,
            0.2346343996466667,
            0.08101937667774373
        ],
        [
            1.249000902703301e-16,
            1.0,
            0.07910120127771142,
            0.5668266441791687,
            0.15670813875010559,
            0.31497199724347735,
            0.20398027766356203
        ],
        [
            0.1331720421399854,
            0.07910120127771142,
            1.000000000000002,
            0.29542774334186184,
            0.07190381077913292,
            0.19442256883516035,
            6.38378239159465e-16
        ],
        [
            -1.3877787807814457e-17,
            0.5668266441791687,
            0.29542774334186184,
            1.0000000000000004,
            0.11739395515177078,
            0.06274414059592451,
            0.23393014404766216
        ],
        [
            0.138955883929042,
            0.15670813875010559,
            0.07190381077913292,
            0.11739395515177078,
            0.9999999999999997,
            0.14318354719657272,
            0.13429064000808077
        ],
        [
            0.2346343996466667,
            0.31497199724347735,
            0.19442256883516035,
            0.06274414059592451,
            0.14318354719657272,
            1.0000000000000013,
            0.12234786559912111
        ],
        [
            0.08101937667774373,
            0.20398027766356203,
            6.38378239159465e-16,
            0.23393014404766216,
            0.13429064000808077,
            0.12234786559912111,
            0.9999999999999979
        ]
    ]
}
