{
    "avail_var": [
        "Home location",
        "Age",
        "Sex",
        "Marital status",
        "Race",
        "Education",
        "Employment"
    ],
    "marginals": {
        "Employment": {
            "probs": [
                0.054218904070995916,
                0.9457810959290041
            ],
            "uniqVals": [
                "Unemployed",
                "Employed"
            ]
        },
        "Home location": {
            "probs": [
                0.05734776231946505,
                0.010990777491444528,
                0.01922971752442349,
                0.027011260906672854,
                0.08105449814804074,
                0.06771541973600259,
                0.029729125063182055,
                0.011255934970128353,
                0.010014666523039699,
                0.0385596977204743,
                0.04723697621040246,
                0.05522153078726913,
                0.002081486207668023,
                0.04754273592800974,
                0.1283304193631249,
                0.05637745167090642,
                0.08034603050968239,
                0.006047247748232974,
                0.005130797212532005,
                0.01537747652942005,
                0.17010183704415702,
                0.03329715038572127
            ],
            "uniqVals": [
                "Santander",
                "Putumayo",
                "La Guajira",
                "Córdoba",
                "Caldas, Quindío, Risaralda",
                "Valle Del Cauca",
                "Huila",
                "Chocó",
                "Caquetá",
                "Tolima",
                "Nariño",
                "Boyacá, Casanare",
                "San Andrés",
                "Cauca",
                "Antioquia",
                "Bolívar, Sucre",
                "Cesar, Norte De Santander, Magdalena",
                "Amazonas, Guaviare, Vaupés, Vichada, Guainía",
                "Arauca",
                "Meta",
                "Bogotá, Cundinamarca",
                "Atlántico"
            ]
        },
        "Education": {
            "probs": [
                0.09162930984480001,
                0.34642990313465855,
                0.23746840897226618,
                0.3244723780482752
            ],
            "uniqVals": [
                "University completed",
                "Primary completed",
                "Secondary completed",
                "Less than primary completed"
            ]
        },
        "Age": {
            "probs": [
                0.0035149938268024495,
                6.048904982474748e-5,
                0.00229692665909863,
                0.024841112667069926,
                0.019149341663697455,
                0.00023284141096923346,
                0.028428196183389542,
                0.012320707970468086,
                0.02408375661857925,
                0.025044952478808117,
                0.004286436366348201,
                0.008636676251004699,
                0.007663879751083417,
                0.001631547111026408,
                0.001750867976434129,
                8.286171208869518e-6,
                0.009752823512839423,
                0.021690710373457735,
                4.225947316523454e-5,
                0.024540324652187962,
                0.005658626318536994,
                0.0008816486166237167,
                0.0030990280321171997,
                0.02572939022066074,
                0.016873959049741885,
                0.014127093294001641,
                0.003044339302138661,
                1.2429256813304276e-5,
                0.027540747246919618,
                0.02630859358816072,
                0.00031321727169526776,
                0.013158439879684795,
                0.0055666498181185416,
                0.0049360721891235715,
                0.016675919557849906,
                0.02091429613118666,
                0.00022538385688125088,
                0.02538137102988822,
                0.022144792555703785,
                0.003946703346784551,
                0.00015246555024319913,
                0.0038911859996851256,
                4.143085604434759e-6,
                1.3257873934191228e-5,
                6.628936967095614e-6,
                0.026121326118840268,
                0.018162458672721097,
                0.012194758168093268,
                0.024553582526122154,
                0.016868158729895676,
                0.0011807793972639063,
                0.025453460719405383,
                0.0007184110438089872,
                0.00037784940712445,
                3.3144684835478074e-5,
                0.022800228698325365,
                0.0017889843639949288,
                0.0019489074683261105,
                0.007672994539413174,
                0.02496540523520297,
                0.0015205124168275565,
                0.00010440575723175592,
                0.006084535518672887,
                0.0007556988142489,
                0.024660474134716573,
                0.0023607301774069256,
                0.02515018685316076,
                0.018182345483622384,
                0.0012810420688912274,
                0.002837185021916923,
                1.1600639692417325e-5,
                0.0004515963308833887,
                3.314468483547807e-6,
                0.00995997779306116,
                0.005747288350471898,
                0.022715709751994894,
                0.0020408839687445623,
                0.01843921679109734,
                0.014639178674709777,
                0.024142588434162227,
                0.0014542230471566004,
                0.026368254020864578,
                0.0019845380045242496,
                6.546075255006919e-5,
                2.1544045143060747e-5,
                0.013374708948236289,
                0.0023889031595170818,
                0.026504975845810925,
                0.0011940372711980974,
                0.026208330916533396,
                0.005625481633701516,
                0.02651160478277802,
                0.010446376043021802,
                1.6572342417739035e-6,
                0.023403461962331066,
                0.007934008932492563
            ],
            "uniqVals": [
                68,
                89,
                11,
                39,
                46,
                85,
                25,
                55,
                42,
                29,
                66,
                58,
                59,
                8,
                74,
                95,
                57,
                20,
                90,
                31,
                14,
                78,
                70,
                33,
                18,
                52,
                69,
                96,
                26,
                35,
                83,
                17,
                65,
                64,
                49,
                44,
                84,
                37,
                45,
                13,
                86,
                67,
                99,
                93,
                94,
                30,
                47,
                54,
                32,
                50,
                77,
                40,
                80,
                82,
                91,
                43,
                9,
                75,
                60,
                34,
                7,
                87,
                61,
                79,
                38,
                71,
                36,
                48,
                76,
                12,
                100,
                81,
                98,
                16,
                62,
                21,
                10,
                19,
                51,
                22,
                6,
                24,
                73,
                88,
                92,
                53,
                72,
                28,
                5,
                23,
                63,
                27,
                56,
                97,
                41,
                15
            ]
        },
        "Marital status": {
            "probs": [
                0.02210336169965944,
                0.5687951078445183,
                0.060276095224679534,
                0.34882543523114273
            ],
            "uniqVals": [
                "Widowed",
                "Married/in union",
                "Separated/divorced/spouse absent",
                "Single/never married"
            ]
        },
        "Race": {
            "probs": [
                0.04599156467770937,
                0.8523230280984065,
                0.001426050065046444,
                0.10025935715883762
            ],
            "uniqVals": [
                "Indigenous",
                "White",
                "Other",
                "Black"
            ]
        },
        "Sex": {
            "probs": [
                0.2946463047819494,
                0.7053536952180506
            ],
            "uniqVals": [
                "Female",
                "Male"
            ]
        }
    },
    "pop_num": 50883000,
    "corr": [
        [
            1.0,
            0.187800110590636,
            0.13968309511066745,
            0.11695753138646298,
            0.6224752909295528,
            0.26588006617299165,
            0.1564555814570384
        ],
        [
            0.187800110590636,
            1.0,
            0.166539959647665,
            0.6039657277239378,
            0.12536180357028495,
            0.4463710579363906,
            0.20116693481148445
        ],
        [
            0.13968309511066745,
            0.166539959647665,
            1.0000000000000016,
            0.29376427831200813,
            0.03958927113099878,
            0.3544212357959914,
            0.0055169923162451395
        ],
        [
            0.11695753138646298,
            0.6039657277239378,
            0.29376427831200813,
            0.9999999999999993,
            3.885780586188048e-16,
            0.143018209881961,
            0.19300360021915294
        ],
        [
            0.6224752909295528,
            0.12536180357028495,
            0.03958927113099878,
            3.885780586188048e-16,
            0.9999999999999996,
            0.19037919760255248,
            0.08506212781326423
        ],
        [
            0.26588006617299165,
            0.4463710579363906,
            0.3544212357959914,
            0.143018209881961,
            0.19037919760255248,
            1.0000000000000007,
            0.12416548522515908
        ],
        [
            0.1564555814570384,
            0.20116693481148445,
            0.0055169923162451395,
            0.19300360021915294,
            0.08506212781326423,
            0.12416548522515908,
            0.999999999999998
        ]
    ]
}
