{
    "avail_var": [
        "Home location",
        "Age",
        "Sex",
        "Marital status",
        "Race",
        "Education",
        "Employment"
    ],
    "marginals": {
        "Employment": {
            "probs": [
                0.054218904070995916,
                0.9457810959290041
            ],
            "uniqVals": [
                "Unemployed",
                "Employed"
            ]
        },
        "Home location": {
            "probs": [
                0.05734776231946505,
                0.010990777491444528,
                0.01922971752442349,
                0.027011260906672854,
                0.08105449814804074,
                0.06771541973600259,
                0.029729125063182055,
                0.011255934970128353,
                0.010014666523039699,
                0.0385596977204743,
                0.04723697621040246,
                0.05522153078726913,
                0.002081486207668023,
                0.04754273592800974,
                0.1283304193631249,
                0.05637745167090642,
                0.08034603050968239,
                0.006047247748232974,
                0.005130797212532005,
                0.01537747652942005,
                0.17010183704415702,
                0.03329715038572127
            ],
            "uniqVals": [
                "Santander",
                "Putumayo",
                "La Guajira",
                "Córdoba",
                "Caldas, Quindío, Risaralda",
                "Valle Del Cauca",
                "Huila",
                "Chocó",
                "Caquetá",
                "Tolima",
                "Nariño",
                "Boyacá, Casanare",
                "San Andrés",
                "Cauca",
                "Antioquia",
                "Bolívar, Sucre",
                "Cesar, Norte De Santander, Magdalena",
                "Amazonas, Guaviare, Vaupés, Vichada, Guainía",
                "Arauca",
                "Meta",
                "Bogotá, Cundinamarca",
                "Atlántico"
            ]
        },
        "Education": {
            "probs": [
                0.09162930984480001,
                0.34642990313465855,
                0.23746840897226618,
                0.3244723780482752
            ],
            "uniqVals": [
                "University completed",
                "Primary completed",
                "Secondary completed",
                "Less than primary completed"
            ]
        },
        "Age": {
            "probs": [
                0.015098240161298567,
                0.014896688467530322,
                0.014750798891437874,
                0.014657313550330703,
                0.014698315195899168,
                0.014665895290100846,
                0.014678867225447848,
                0.014735125297274347,
                0.014832424744946025,
                0.014957753902839172,
                0.015098021644776641,
                0.01530535409380672,
                0.015599318411210867,
                0.015945110874587946,
                0.016290088867292392,
                0.016646787291627364,
                0.016939361049346534,
                0.01712523914895125,
                0.017235589992523358,
                0.017337279635771894,
                0.017408694808164645,
                0.017479414700714905,
                0.017568152273754797,
                0.017651009765841073,
                0.017699301917186487,
                0.017735476334134248,
                0.01765744607066868,
                0.017416859380029296,
                0.01706912013309325,
                0.01671490485105288,
                0.016330236311911515,
                0.015993641407593642,
                0.01575311431236933,
                0.015571407891819542,
                0.015362247850060637,
                0.015141804409715062,
                0.01491291828556784,
                0.014668040725043381,
                0.014410667992492486,
                0.014162373628170659,
                0.013931500990187754,
                0.013657381946002065,
                0.013316019408478557,
                0.01294102519171696,
                0.012576480037731048,
                0.012197433332744662,
                0.011923056041760336,
                0.011811970188069025,
                0.011802673303318037,
                0.011771008272777274,
                0.011736979290772049,
                0.01166399477244911,
                0.011519694407425207,
                0.01131897704946795,
                0.011122570426534119,
                0.010934626352540293,
                0.010653633970483146,
                0.010240339766969612,
                0.009743572252080739,
                0.00924348725908628,
                0.008714657410889509,
                0.008260321831530793,
                0.007937036569911987,
                0.007693986602116356,
                0.007430177564737854,
                0.007173400786337664,
                0.006866285747341304,
                0.0064725189748325185,
                0.006026864460935732,
                0.0056009161642889055,
                0.005181145925671048,
                0.004788094298143108,
                0.004439441254842649,
                0.004124459621056991,
                0.003812060455257719,
                0.003505283123613426,
                0.0032270122655111617,
                0.002984538386727879,
                0.0027685844676509433,
                0.002563337858148331,
                0.002373049697828401,
                0.0021806756979810046,
                0.0019765018059496606,
                0.0017684343468003809,
                0.0015745903267145804,
                0.00139191051438531,
                0.0012196201694166541,
                0.001059348233153871,
                0.0009107967285216088,
                0.0007615102137701445,
                0.000640670577145639,
                0.0005454371038630682,
                0.00044072795958429654,
                0.0003256094828065539,
                0.0002461489293792941,
                0.00020854422246984337,
                0.0001717539862330221,
                0.00012799108643295873,
                7.729525334636698e-05,
                4.771606233306952e-05,
                7.471278535998104e-05
            ],
            "uniqVals": [
                0,
                1,
                2,
                3,
                4,
                5,
                6,
                7,
                8,
                9,
                10,
                11,
                12,
                13,
                14,
                15,
                16,
                17,
                18,
                19,
                20,
                21,
                22,
                23,
                24,
                25,
                26,
                27,
                28,
                29,
                30,
                31,
                32,
                33,
                34,
                35,
                36,
                37,
                38,
                39,
                40,
                41,
                42,
                43,
                44,
                45,
                46,
                47,
                48,
                49,
                50,
                51,
                52,
                53,
                54,
                55,
                56,
                57,
                58,
                59,
                60,
                61,
                62,
                63,
                64,
                65,
                66,
                67,
                68,
                69,
                70,
                71,
                72,
                73,
                74,
                75,
                76,
                77,
                78,
                79,
                80,
                81,
                82,
                83,
                84,
                85,
                86,
                87,
                88,
                89,
                90,
                91,
                92,
                93,
                94,
                95,
                96,
                97,
                98,
                99,
                100
            ]
        },
        "Marital status": {
            "probs": [
                0.02210336169965944,
                0.5687951078445183,
                0.060276095224679534,
                0.34882543523114273
            ],
            "uniqVals": [
                "Widowed",
                "Married/in union",
                "Separated/divorced/spouse absent",
                "Single/never married"
            ]
        },
        "Race": {
            "probs": [
                0.04599156467770937,
                0.8523230280984065,
                0.001426050065046444,
                0.10025935715883762
            ],
            "uniqVals": [
                "Indigenous",
                "White",
                "Other",
                "Black"
            ]
        },
        "Sex": {
            "probs": [
                0.2946463047819494,
                0.7053536952180506
            ],
            "uniqVals": [
                "Female",
                "Male"
            ]
        }
    },
    "pop_num": 50883000,
    "corr": [
        [
            1.0,
            0.187800110590636,
            0.13968309511066745,
            0.11695753138646298,
            0.6224752909295528,
            0.26588006617299165,
            0.1564555814570384
        ],
        [
            0.187800110590636,
            1.0,
            0.166539959647665,
            0.6039657277239378,
            0.12536180357028495,
            0.4463710579363906,
            0.20116693481148445
        ],
        [
            0.13968309511066745,
            0.166539959647665,
            1.0000000000000016,
            0.29376427831200813,
            0.03958927113099878,
            0.3544212357959914,
            0.0055169923162451395
        ],
        [
            0.11695753138646298,
            0.6039657277239378,
            0.29376427831200813,
            0.9999999999999993,
            3.885780586188048e-16,
            0.143018209881961,
            0.19300360021915294
        ],
        [
            0.6224752909295528,
            0.12536180357028495,
            0.03958927113099878,
            3.885780586188048e-16,
            0.9999999999999996,
            0.19037919760255248,
            0.08506212781326423
        ],
        [
            0.26588006617299165,
            0.4463710579363906,
            0.3544212357959914,
            0.143018209881961,
            0.19037919760255248,
            1.0000000000000007,
            0.12416548522515908
        ],
        [
            0.1564555814570384,
            0.20116693481148445,
            0.0055169923162451395,
            0.19300360021915294,
            0.08506212781326423,
            0.12416548522515908,
            0.999999999999998
        ]
    ]
}