{
    "avail_var": [
        "Home location",
        "Age",
        "Sex",
        "Marital status",
        "Race",
        "Education",
        "Employment"
    ],
    "marginals": {
        "Employment": {
            "probs": [
                0.05300939358007249,
                0.9469906064199275
            ],
            "uniqVals": [
                "Unemployed",
                "Employed"
            ]
        },
        "Home location": {
            "probs": [
                0.028365752537612164,
                0.009395262002674269,
                0.005900211082237977,
                0.052126380233956486,
                0.005553733464523888,
                0.02915625972365887,
                0.041690003447956876,
                0.03308693056151239,
                0.6746608808268368,
                0.02743900900673613,
                0.01137657575834027,
                0.011718007585505126,
                0.04073130324360236,
                0.028799690524846315
            ],
            "uniqVals": [
                "Imbabura, Las Golondrinas",
                "Morona Santiago",
                "Zamora Chinchipe",
                "Azuay",
                "Pastaza",
                "Loja",
                "El Oro",
                "Chimborazo",
                "Cañar, Esmeraldas, Guayas, Manabí, Manga del Cura, Pichincha, El Piedrero, Los Ríos, Santa Elena, Santo Domingo de las Tsáchilas, Galápagos",
                "Napo, Orellana, Sucumbíos",
                "Carchi",
                "Bolívar",
                "Tungurahua",
                "Cotopaxi"
            ]
        },
        "Education": {
            "probs": [
                0.11130509372555945,
                0.39845094230138506,
                0.3152694031670745,
                0.17497456080598095
            ],
            "uniqVals": [
                "University completed",
                "Primary completed",
                "Secondary completed",
                "Less than primary completed"
            ]
        },
        "Age": {
            "probs": [
                0.019368979138934303,
                0.01926594959253541,
                0.01914450135627749,
                0.019008951310596264,
                0.01890074150767452,
                0.018723288942564018,
                0.01855078640035313,
                0.018386975177419468,
                0.018235596570140643,
                0.01809118252996476,
                0.01794843768355735,
                0.01785611400063901,
                0.017835968558605704,
                0.017864575086292998,
                0.017887598448616773,
                0.017904808411953795,
                0.01793905566341041,
                0.017992642539219,
                0.018048761984883203,
                0.018096477903299227,
                0.018148107793310293,
                0.01811046459591092,
                0.01793934345543946,
                0.017678085851470415,
                0.017412741600688904,
                0.017124086195554566,
                0.016853158779409537,
                0.016628450763129486,
                0.016428262627724257,
                0.016204878454777825,
                0.015971133768785693,
                0.015713156993947788,
                0.015420242266783554,
                0.015104073943672306,
                0.014788711438242392,
                0.014471276830203335,
                0.014155568974338562,
                0.013846595451953493,
                0.013543665562178415,
                0.013238145544141914,
                0.012927848178423228,
                0.01264034394140508,
                0.012387374747872597,
                0.012155587047677986,
                0.011920345843134807,
                0.011686831390765914,
                0.011439042453756279,
                0.011166560960654395,
                0.01087675438740387,
                0.01058959550082058,
                0.010303760457570907,
                0.010005723032289632,
                0.009691454136570094,
                0.009367515428674571,
                0.009043979629619716,
                0.008718371727955719,
                0.008403757481801326,
                0.008107504367100143,
                0.007824144335300275,
                0.007536352306253081,
                0.007241653268508752,
                0.006965545595840874,
                0.006717008399555717,
                0.006481882311824159,
                0.00624784983380298,
                0.006030279059843301,
                0.005750948116450094,
                0.00537382544158665,
                0.004940755996276431,
                0.004522651736476666,
                0.00409648929986358,
                0.003747282451817714,
                0.0035217686178563323,
                0.0033766638768107367,
                0.0032244218934447707,
                0.003085360785009166,
                0.0029228734054091198,
                0.002711000913624575,
                0.002470694569370167,
                0.002249440057438684,
                0.002037740240871567,
                0.0018389335072057653,
                0.0016595815147035535,
                0.0014954249413350338,
                0.0013362183908661254,
                0.0011842066411233971,
                0.0010412315610927507,
                0.000907235592368377,
                0.000782564085385132,
                0.0006591013049238856,
                0.0005587194451922241,
                0.0004802673380739586,
                0.00039444775501208516,
                0.0003009729039775563,
                0.00023501097091993927,
                0.0002004759274342759,
                0.000167840311340324,
                0.000130600022781617,
                8.88126201639643e-05,
                6.095435175219585e-05,
                0.00013687388901484585
            ],
            "uniqVals": [
                0,
                1,
                2,
                3,
                4,
                5,
                6,
                7,
                8,
                9,
                10,
                11,
                12,
                13,
                14,
                15,
                16,
                17,
                18,
                19,
                20,
                21,
                22,
                23,
                24,
                25,
                26,
                27,
                28,
                29,
                30,
                31,
                32,
                33,
                34,
                35,
                36,
                37,
                38,
                39,
                40,
                41,
                42,
                43,
                44,
                45,
                46,
                47,
                48,
                49,
                50,
                51,
                52,
                53,
                54,
                55,
                56,
                57,
                58,
                59,
                60,
                61,
                62,
                63,
                64,
                65,
                66,
                67,
                68,
                69,
                70,
                71,
                72,
                73,
                74,
                75,
                76,
                77,
                78,
                79,
                80,
                81,
                82,
                83,
                84,
                85,
                86,
                87,
                88,
                89,
                90,
                91,
                92,
                93,
                94,
                95,
                96,
                97,
                98,
                99,
                100
            ]
        },
        "Marital status": {
            "probs": [
                0.024132334266804584,
                0.6196583999798169,
                0.08309071490442432,
                0.27311855084895426
            ],
            "uniqVals": [
                "Widowed",
                "Married/in union",
                "Separated/divorced/spouse absent",
                "Single/never married"
            ]
        },
        "Race": {
            "probs": [
                0.04133679810951047,
                0.010414511693619597,
                0.06064199275088091,
                0.004016449277190504,
                0.019007492998965612,
                0.07117760341768213,
                0.7217027861173483,
                0.0717023656348025
            ],
            "uniqVals": [
                "Afro-Ecuadorian",
                "Black",
                "White",
                "Other",
                "Mulatto (Black and White)",
                "Montubio (Ecuador)",
                "Mestizo (Indigenous and White)",
                "Indigenous"
            ]
        },
        "Sex": {
            "probs": [
                0.368859062660309,
                0.631140937339691
            ],
            "uniqVals": [
                "Female",
                "Male"
            ]
        }
    },
    "pop_num": 17643000,
    "corr": [
        [
            1.0,
            0.12733112284144413,
            0.09103148268542084,
            0.08413010767404158,
            0.4846038467410376,
            0.15214264928273707,
            0.14802765393514145
        ],
        [
            0.12733112284144413,
            0.9999999999999993,
            -1.6653345369377348e-16,
            0.5903477872804805,
            0.11406021165486716,
            0.4287979308917277,
            0.2289329694676929
        ],
        [
            0.09103148268542084,
            -1.6653345369377348e-16,
            1.0000000000000007,
            0.2582931556062254,
            0.12530522048440718,
            0.15868572255556043,
            0.08591447886391632
        ],
        [
            0.08413010767404158,
            0.5903477872804805,
            0.2582931556062254,
            0.9999999999999993,
            0.11256164417540215,
            0.1409758926019854,
            0.19342113066027108
        ],
        [
            0.4846038467410376,
            0.11406021165486716,
            0.12530522048440718,
            0.11256164417540215,
            1.0000000000000009,
            0.3247611613121097,
            0.06272889672255423
        ],
        [
            0.15214264928273707,
            0.4287979308917277,
            0.15868572255556043,
            0.1409758926019854,
            0.3247611613121097,
            1.0000000000000002,
            0.10307180556311005
        ],
        [
            0.14802765393514145,
            0.2289329694676929,
            0.08591447886391632,
            0.19342113066027108,
            0.06272889672255423,
            0.10307180556311005,
            0.9999999999999984
        ]
    ]
}