{
    "avail_var": [
        "Home location",
        "Age",
        "Sex",
        "Marital status",
        "Religion",
        "Education",
        "Employment"
    ],
    "marginals": {
        "Employment": {
            "probs": [
                0.09692825674110238,
                0.9030717432588976
            ],
            "uniqVals": [
                "Unemployed",
                "Employed"
            ]
        },
        "Home location": {
            "probs": [
                0.0035655977400568598,
                0.06900549404642277,
                0.05680433020280325,
                0.007097775057977658,
                0.03549474644512841,
                0.0380518603658633,
                0.002962675259629259,
                0.204718602303751,
                0.0155102372624158,
                0.05584100911609758,
                0.004616534528038153,
                0.07129434133541684,
                0.008692019519333037,
                0.01401986708607791,
                0.034646138699268136,
                0.04124622044381417,
                0.05791759156179504,
                0.03944784043103312,
                0.01642975049848366,
                0.0058743166314021,
                0.11352194795898321,
                0.043448355286184945,
                0.05564364797456435,
                0.0041491002454594516
            ],
            "uniqVals": [
                "South Sinai",
                "Dakahlia",
                "Kaliobia",
                "Suez",
                "Bani Swif",
                "Kafr Sheikh",
                "New Valley",
                "Giza, 6th October City, Cairo, Helwan",
                "Aswan",
                "Gharbia",
                "North Sinai",
                "Sharkia",
                "Port Said",
                "Ismailia",
                "Fayoum",
                "Asiut",
                "Alexandria",
                "Qena, Luxor",
                "Demietta",
                "Red Sea",
                "Menoufia, Behera",
                "Sohag",
                "Menia",
                "Marsa Matroh"
            ]
        },
        "Education": {
            "probs": [
                0.1746587391016681,
                0.08819875215369781,
                0.3698520694693153,
                0.3672904392753188
            ],
            "uniqVals": [
                "University completed",
                "Primary completed",
                "Secondary completed",
                "Less than primary completed"
            ]
        },
        "Religion": {
            "probs": [
                7.180874485991649e-05,
                1.4452074437215899e-05,
                0.9427160415768117,
                0.05719769760389122
            ],
            "uniqVals": [
                "Other",
                "Jewish",
                "Muslim",
                "Christian"
            ]
        },
        "Age": {
            "probs": [
                0.0239857869175618,
                0.02514845488223123,
                0.02582260865324284,
                0.026066233204828027,
                0.026520121772231193,
                0.0256856800403267,
                0.024701120878140942,
                0.023613641126063612,
                0.022470437624484405,
                0.021256060331308668,
                0.01995508908846903,
                0.018927885419379883,
                0.01834692996805716,
                0.018071498850122398,
                0.01777675268923373,
                0.01751364375187348,
                0.017310522018571205,
                0.017144406672362163,
                0.017011153794799293,
                0.016934879795883324,
                0.016917058954292536,
                0.016857659469437382,
                0.016711227735851812,
                0.01651679229314047,
                0.016339530204762562,
                0.01614310249356706,
                0.01603915588540615,
                0.016082258614060894,
                0.016203687378170288,
                0.016292104253497194,
                0.016384226748204635,
                0.01632811450634834,
                0.01604145695550535,
                0.015599173352022403,
                0.015160655135974513,
                0.014696725535411195,
                0.014236840239870718,
                0.013812556782142132,
                0.013406572310440531,
                0.01297750740834997,
                0.01254268485034019,
                0.012087750341982844,
                0.011604416046383834,
                0.011110741877352046,
                0.010627726344710499,
                0.010144800464150741,
                0.009728346621564894,
                0.009411526125871759,
                0.009163369163485112,
                0.008916527098298007,
                0.008680602664404086,
                0.008452577575049849,
                0.008222908864196181,
                0.007992602627427582,
                0.007771580361795158,
                0.007557072814105929,
                0.0073309304184692205,
                0.007084755763224309,
                0.006823071297830232,
                0.006565789745786142,
                0.006317323981784449,
                0.0060362447826970995,
                0.005706604039308413,
                0.005350735081325793,
                0.004996699010348599,
                0.004626694907470882,
                0.004325942057102478,
                0.004135819875659336,
                0.004011821085205377,
                0.003880042486320785,
                0.003769660850956043,
                0.0035769786045107585,
                0.0032475868946825913,
                0.0028377374221217264,
                0.0024528012669552506,
                0.002065354853498736,
                0.0017516024512712045,
                0.0015580734907201528,
                0.0014449226021624319,
                0.0013261335937945456,
                0.0012193181190164456,
                0.001108269073709511,
                0.0009763908614007105,
                0.0008353183300375234,
                0.0007131823106162528,
                0.0006042649925873665,
                0.0005053687850337922,
                0.0004176890490460241,
                0.0003403093411213498,
                0.0002629296331966756,
                0.00020137849837863211,
                0.00016204115715894382,
                0.00012355053004502246,
                8.503001890383872e-05,
                5.816427839497591e-05,
                4.571260036899203e-05,
                3.64585132600808e-05,
                2.6028987745516705e-05,
                1.4443946510141301e-05,
                7.032707749075696e-06,
                9.244125766490434e-06
            ],
            "uniqVals": [
                0,
                1,
                2,
                3,
                4,
                5,
                6,
                7,
                8,
                9,
                10,
                11,
                12,
                13,
                14,
                15,
                16,
                17,
                18,
                19,
                20,
                21,
                22,
                23,
                24,
                25,
                26,
                27,
                28,
                29,
                30,
                31,
                32,
                33,
                34,
                35,
                36,
                37,
                38,
                39,
                40,
                41,
                42,
                43,
                44,
                45,
                46,
                47,
                48,
                49,
                50,
                51,
                52,
                53,
                54,
                55,
                56,
                57,
                58,
                59,
                60,
                61,
                62,
                63,
                64,
                65,
                66,
                67,
                68,
                69,
                70,
                71,
                72,
                73,
                74,
                75,
                76,
                77,
                78,
                79,
                80,
                81,
                82,
                83,
                84,
                85,
                86,
                87,
                88,
                89,
                90,
                91,
                92,
                93,
                94,
                95,
                96,
                97,
                98,
                99,
                100
            ]
        },
        "Marital status": {
            "probs": [
                0.016818601626310003,
                0.6692800834607299,
                0.006628985893420467,
                0.30727232901953966
            ],
            "uniqVals": [
                "Widowed",
                "Married/in union",
                "Separated/divorced/spouse absent",
                "Single/never married"
            ]
        },
        "Sex": {
            "probs": [
                0.17698055518547207,
                0.8230194448145279
            ],
            "uniqVals": [
                "Female",
                "Male"
            ]
        }
    },
    "pop_num": 102334000,
    "corr": [
        [
            1.0000965337408416,
            0.1547558789770809,
            0.1167007962849059,
            0.07964309011280216,
            0.43824546967627526,
            0.2722790278188337,
            0.13128037214659388
        ],
        [
            0.1547558789770809,
            1.0088712927470396,
            0.1264522096280013,
            0.8415556217941979,
            0.0007035609296462894,
            0.42479694645509286,
            0.6702955890433568
        ],
        [
            0.1167007962849059,
            0.1264522096280013,
            1.0003725164970831,
            0.30058532905490276,
            0.06233822250849033,
            0.28078519582174777,
            0.30729305658342054
        ],
        [
            0.07964309011280216,
            0.8415556217941979,
            0.30058532905490276,
            1.0424699941963236,
            -0.0015393924756156446,
            0.228798859841841,
            0.9699354961204651
        ],
        [
            0.43824546967627526,
            0.0007035609296462894,
            0.06233822250849033,
            -0.0015393924756156446,
            1.0000557977282265,
            0.10272083600516758,
            0.001089735751819608
        ],
        [
            0.2722790278188337,
            0.42479694645509286,
            0.28078519582174777,
            0.228798859841841,
            0.10272083600516758,
            1.002284815098176,
            0.3532787802196756
        ],
        [
            0.13128037214659388,
            0.6702955890433568,
            0.30729305658342054,
            0.9699354961204651,
            0.001089735751819608,
            0.3532787802196756,
            1.021282658748296
        ]
    ]
}