{
    "avail_var": [
        "Home location",
        "Age",
        "Sex",
        "Marital status",
        "Religion",
        "Education",
        "Employment"
    ],
    "marginals": {
        "Employment": {
            "probs": [
                0.09692825674110238,
                0.9030717432588976
            ],
            "uniqVals": [
                "Unemployed",
                "Employed"
            ]
        },
        "Home location": {
            "probs": [
                0.0035655977400568598,
                0.06900549404642277,
                0.05680433020280325,
                0.007097775057977658,
                0.03549474644512841,
                0.0380518603658633,
                0.002962675259629259,
                0.204718602303751,
                0.0155102372624158,
                0.05584100911609758,
                0.004616534528038153,
                0.07129434133541684,
                0.008692019519333037,
                0.01401986708607791,
                0.034646138699268136,
                0.04124622044381417,
                0.05791759156179504,
                0.03944784043103312,
                0.01642975049848366,
                0.0058743166314021,
                0.11352194795898321,
                0.043448355286184945,
                0.05564364797456435,
                0.0041491002454594516
            ],
            "uniqVals": [
                "South Sinai",
                "Dakahlia",
                "Kaliobia",
                "Suez",
                "Bani Swif",
                "Kafr Sheikh",
                "New Valley",
                "Giza, 6th October City, Cairo, Helwan",
                "Aswan",
                "Gharbia",
                "North Sinai",
                "Sharkia",
                "Port Said",
                "Ismailia",
                "Fayoum",
                "Asiut",
                "Alexandria",
                "Qena, Luxor",
                "Demietta",
                "Red Sea",
                "Menoufia, Behera",
                "Sohag",
                "Menia",
                "Marsa Matroh"
            ]
        },
        "Education": {
            "probs": [
                0.1746587391016681,
                0.08819875215369781,
                0.3698520694693153,
                0.3672904392753188
            ],
            "uniqVals": [
                "University completed",
                "Primary completed",
                "Secondary completed",
                "Less than primary completed"
            ]
        },
        "Religion": {
            "probs": [
                7.180874485991649e-5,
                1.4452074437215899e-5,
                0.9427160415768117,
                0.05719769760389122
            ],
            "uniqVals": [
                "Other",
                "Jewish",
                "Muslim",
                "Christian"
            ]
        },
        "Age": {
            "probs": [
                0.0007027321195096231,
                6.774409892444952e-6,
                0.0005442109280264112,
                0.01438884661155308,
                0.014196904997933805,
                0.00011697147747621617,
                0.044783365662322765,
                0.02289208590854998,
                0.023873472088302174,
                0.020176450796331884,
                0.008569628513942865,
                0.0008680277208852799,
                0.005928060283215496,
                0.00020820019736114153,
                6.322782566281956e-6,
                0.007033643977662513,
                0.034904921157159534,
                5.193714250874463e-5,
                0.016931960085176914,
                0.002113615886442825,
                0.0001291654152826171,
                0.002080647091632926,
                0.01474021267130789,
                0.019388812739503616,
                0.019656176116592112,
                0.0003454949045146926,
                2.709763956977981e-6,
                0.02812689824610528,
                0.04644354771329794,
                3.838832272385473e-5,
                0.009824700853349832,
                0.00523390908290297,
                0.001420819568108788,
                0.009990448082051653,
                0.011495270332826758,
                2.6194384917453817e-5,
                0.018525301291879966,
                0.04327176900165521,
                0.001417206549499484,
                2.393624828663883e-5,
                0.0010220326391068618,
                3.6130186093039747e-6,
                1.7613465720356877e-5,
                1.2193937806400914e-5,
                0.04589617539398839,
                0.014016254067468606,
                0.010222584527699433,
                0.030427487845579585,
                0.02674491862804651,
                0.00012510076934715012,
                0.043671459185309465,
                0.0003247200475111947,
                5.0582260530255645e-5,
                1.2645565132563911e-5,
                0.018488719478460765,
                0.0009122871988492536,
                0.010261876105075615,
                0.015004414657113243,
                1.987160235117186e-5,
                0.001968643514744503,
                6.864735357677552e-5,
                0.022656788071619062,
                0.00030665495446467484,
                0.01638007149260573,
                0.017635595459338863,
                0.00019465137757625163,
                0.0011620371102173909,
                4.24529686593217e-5,
                4.5162732616299684e-7,
                0.007259457640744011,
                0.002723764404089034,
                0.026177674706385785,
                0.0005171132884566313,
                0.029194093617828442,
                0.008460786328337582,
                0.03366836553812525,
                9.484173849422933e-6,
                0.028456586194204266,
                0.0003463981591670186,
                1.4903701763378895e-5,
                0.0106818895184072,
                0.00043807850637810693,
                0.03125983700769799,
                0.03290782512086676,
                0.0020291615764503447,
                0.03109589628830082,
                0.008687503246071407,
                2.709763956977981e-6,
                0.012842474646770978,
                0.0050957111210970935
            ],
            "uniqVals": [
                68,
                89,
                11,
                39,
                46,
                85,
                25,
                55,
                42,
                29,
                58,
                66,
                59,
                74,
                95,
                57,
                20,
                90,
                31,
                14,
                78,
                70,
                52,
                18,
                33,
                69,
                96,
                26,
                35,
                83,
                17,
                65,
                64,
                49,
                44,
                84,
                37,
                45,
                13,
                86,
                67,
                99,
                93,
                94,
                30,
                47,
                54,
                50,
                32,
                77,
                40,
                80,
                82,
                91,
                43,
                75,
                60,
                34,
                87,
                61,
                79,
                38,
                71,
                48,
                36,
                76,
                12,
                81,
                98,
                16,
                62,
                21,
                10,
                19,
                51,
                22,
                88,
                24,
                73,
                92,
                53,
                72,
                28,
                23,
                63,
                27,
                56,
                97,
                41,
                15
            ]
        },
        "Marital status": {
            "probs": [
                0.016818601626310003,
                0.6692800834607299,
                0.006628985893420467,
                0.30727232901953966
            ],
            "uniqVals": [
                "Widowed",
                "Married/in union",
                "Separated/divorced/spouse absent",
                "Single/never married"
            ]
        },
        "Sex": {
            "probs": [
                0.17698055518547207,
                0.8230194448145279
            ],
            "uniqVals": [
                "Female",
                "Male"
            ]
        }
    },
    "pop_num": 102334000,
    "corr": [
        [
            1.0000965337408416,
            0.1547558789770809,
            0.1167007962849059,
            0.07964309011280216,
            0.43824546967627526,
            0.2722790278188337,
            0.13128037214659388
        ],
        [
            0.1547558789770809,
            1.0088712927470396,
            0.1264522096280013,
            0.8415556217941979,
            0.0007035609296462894,
            0.42479694645509286,
            0.6702955890433568
        ],
        [
            0.1167007962849059,
            0.1264522096280013,
            1.0003725164970831,
            0.30058532905490276,
            0.06233822250849033,
            0.28078519582174777,
            0.30729305658342054
        ],
        [
            0.07964309011280216,
            0.8415556217941979,
            0.30058532905490276,
            1.0424699941963236,
            -0.0015393924756156446,
            0.228798859841841,
            0.9699354961204651
        ],
        [
            0.43824546967627526,
            0.0007035609296462894,
            0.06233822250849033,
            -0.0015393924756156446,
            1.0000557977282265,
            0.10272083600516758,
            0.001089735751819608
        ],
        [
            0.2722790278188337,
            0.42479694645509286,
            0.28078519582174777,
            0.228798859841841,
            0.10272083600516758,
            1.002284815098176,
            0.3532787802196756
        ],
        [
            0.13128037214659388,
            0.6702955890433568,
            0.30729305658342054,
            0.9699354961204651,
            0.001089735751819608,
            0.3532787802196756,
            1.021282658748296
        ]
    ]
}
