{
    "avail_var": [
        "Home location",
        "Age",
        "Sex",
        "Marital status",
        "Religion",
        "Education",
        "Employment"
    ],
    "marginals": {
        "Employment": {
            "probs": [
                0.11093897857487603,
                0.889061021425124
            ],
            "uniqVals": [
                "Unemployed",
                "Employed"
            ]
        },
        "Home location": {
            "probs": [
                0.01824262383133864,
                0.16920903251033168,
                0.018630259847031566,
                0.03630603990117393,
                0.01578379537885509,
                0.20940300253230196,
                0.01841119060417591,
                0.02668793738369336,
                0.009821548086501104,
                0.01860027928372634,
                0.013564895885104348,
                0.010968494650580756,
                0.013157920294772276,
                0.019618098294866018,
                0.009584068244207312,
                0.03353693373155404,
                0.05133584522597533,
                0.03672771019014011,
                0.007631784633145582,
                0.039271413195079305,
                0.01547115299757073,
                0.02000776116554296,
                0.14965427343371615,
                0.01645459992627315,
                0.009426311364618122,
                0.01249302740772426
            ],
            "uniqVals": [
                "Nanggroe Aceh Darussalam",
                "Jawa Timur",
                "Kalimantan Barat",
                "Sulawesi Barat, Sulawesi Selatan",
                "Papua, Papua Barat",
                "Banten, Jawa Barat",
                "Sumatera Barat",
                "Kepulauan Riau, Riau",
                "Kalimantan Tengah",
                "Bali",
                "Kalimantan Timur",
                "Sulawesi Tengah",
                "Gorontalo, Sulawesi Utara",
                "Nusa Tenggara Timur",
                "Maluku, Maluku Utara",
                "Lampung",
                "Sumatera Utara",
                "Bangka Belitung, Sumatera Selatan",
                "Bengkulu",
                "DKI Jakarta",
                "Kalimantan Selatan",
                "Nusa Tenggara Barat",
                "Jawa Tengah",
                "DKI Yogyakarta",
                "Sulawesi Tenggara",
                "Jambi"
            ]
        },
        "Education": {
            "probs": [
                0.05177474378230564,
                0.5345955009731015,
                0.2627685741201866,
                0.15086118112440625
            ],
            "uniqVals": [
                "University completed",
                "Primary completed",
                "Secondary completed",
                "Less than primary completed"
            ]
        },
        "Religion": {
            "probs": [
                0.001850771957278964,
                0.006432646553227534,
                0.019174977123985675,
                0.8744059309154923,
                0.09813567345001543
            ],
            "uniqVals": [
                "Other",
                "Buddhist",
                "Hindu",
                "Muslim",
                "Christian"
            ]
        },
        "Age": {
            "probs": [
                0.0036181050510492984,
                9.779575297873787e-5,
                0.0016573762108875048,
                0.02465990006760406,
                0.01882441566404203,
                0.0002767501576090881,
                0.028174466609886577,
                0.014121267578216546,
                0.021409584743862536,
                0.02757713555563907,
                0.008540660188894439,
                0.003500463009685411,
                0.009830500029347171,
                0.0018077012888686392,
                2.1788691078164396e-5,
                0.01026230459323343,
                0.021847976586446844,
                0.0001227936311149265,
                0.025312885181620986,
                0.00493834771626226,
                0.0008478165493553968,
                0.005007091881136778,
                0.02431432129282945,
                0.01589932611294396,
                0.014597494047169137,
                0.004164089112368418,
                1.2414486777093667e-5,
                0.025966461461674917,
                0.027503408705595513,
                0.00024828973554187335,
                0.0063353575139948005,
                0.006101086858759033,
                0.012101675491227306,
                0.018909628025661672,
                0.021681605573175586,
                0.00022607878300870575,
                0.025844681258051998,
                0.02346473124536304,
                0.0032410255717314537,
                0.0001391773755690501,
                0.004565321946912445,
                1.6130387581121704e-5,
                1.6637101327125527e-5,
                0.030908356174159202,
                0.018929727670919824,
                0.012977530201194916,
                0.021511434206809305,
                0.02511720922337251,
                0.0012389995612703483,
                0.02832631182910572,
                0.0009694278483963144,
                0.0003546996222026762,
                2.913604039521983e-5,
                0.018724339699206276,
                0.001987246859535994,
                0.010760488657846188,
                0.02588184026609228,
                0.00012591836588195005,
                0.00625310098256018,
                0.0010611430364230064,
                0.023441675769919866,
                0.002356387823499779,
                0.01611949323558262,
                0.023595125582668026,
                0.0010476306698629044,
                0.002312641536761449,
                0.00039540562646498334,
                7.38113023345569e-5,
                0.008083688842289992,
                0.0056725759342218,
                0.02058212119663829,
                0.001339413335270106,
                0.018633215677216586,
                0.015535590095604216,
                0.022039598834727288,
                8.664805056665376e-5,
                0.02519161169174407,
                0.001645721794729417,
                2.736254228420645e-5,
                0.012637863086790352,
                0.0020764284788326666,
                0.02745535535201615,
                0.02349124926473724,
                0.004731861864765702,
                0.02906037114248326,
                0.010641748736699291,
                1.292120052309749e-5,
                0.022936735522027057,
                0.005812766737282858
            ],
            "uniqVals": [
                68,
                89,
                11,
                39,
                46,
                85,
                25,
                55,
                42,
                29,
                58,
                66,
                59,
                74,
                95,
                57,
                20,
                90,
                31,
                14,
                78,
                70,
                33,
                18,
                52,
                69,
                96,
                26,
                35,
                83,
                65,
                64,
                17,
                49,
                44,
                84,
                37,
                45,
                13,
                86,
                67,
                93,
                94,
                30,
                47,
                54,
                50,
                32,
                80,
                40,
                77,
                82,
                91,
                43,
                75,
                60,
                34,
                87,
                61,
                79,
                38,
                71,
                48,
                36,
                76,
                12,
                81,
                98,
                16,
                62,
                21,
                10,
                19,
                51,
                22,
                88,
                24,
                73,
                92,
                53,
                72,
                28,
                23,
                63,
                27,
                56,
                97,
                41,
                15
            ]
        },
        "Marital status": {
            "probs": [
                0.04124987701635123,
                0.7431077007399287,
                0.022797304789585006,
                0.19284511745413502
            ],
            "uniqVals": [
                "Widowed",
                "Married/in union",
                "Separated/divorced/spouse absent",
                "Single/never married"
            ]
        },
        "Sex": {
            "probs": [
                0.3961424727039639,
                0.6038575272960361
            ],
            "uniqVals": [
                "Female",
                "Male"
            ]
        }
    },
    "pop_num": 273524000,
    "corr": [
        [
            1.0000000000000007,
            0.1928525116044747,
            0.1026067872736049,
            0.15658569335937556,
            0.8556098937988288,
            0.2680173806635755,
            0.18780517578125058
        ],
        [
            0.1928525116044747,
            0.9999999999999998,
            9.723007665107808e-7,
            0.7510702728009159,
            6.106226635438361e-16,
            0.46905514597892806,
            0.4641307634099908
        ],
        [
            0.1026067872736049,
            9.723007665107808e-7,
            1.0000000000000007,
            0.28170106464613576,
            0.0709251420449469,
            0.13467748800735818,
            0.36870226627640074
        ],
        [
            0.15658569335937556,
            0.7510702728009159,
            0.28170106464613576,
            1.0000000000000009,
            0.08293657623406411,
            0.27385662269330163,
            0.4026512897555725
        ],
        [
            0.8556098937988288,
            6.106226635438361e-16,
            0.0709251420449469,
            0.08293657623406411,
            1.0000000000000002,
            0.18231498560643777,
            0.10449548683831716
        ],
        [
            0.2680173806635755,
            0.46905514597892806,
            0.13467748800735818,
            0.27385662269330163,
            0.18231498560643777,
            1.0000000000000022,
            0.1682987343338031
        ],
        [
            0.18780517578125058,
            0.4641307634099908,
            0.36870226627640074,
            0.4026512897555725,
            0.10449548683831716,
            0.1682987343338031,
            0.9999999999999982
        ]
    ]
}
