{
    "avail_var": [
        "Home location",
        "Age",
        "Sex",
        "Marital status",
        "Religion",
        "Education",
        "Employment"
    ],
    "marginals": {
        "Employment": {
            "probs": [
                0.11093897857487603,
                0.889061021425124
            ],
            "uniqVals": [
                "Unemployed",
                "Employed"
            ]
        },
        "Home location": {
            "probs": [
                0.01824262383133864,
                0.16920903251033168,
                0.018630259847031566,
                0.03630603990117393,
                0.01578379537885509,
                0.20940300253230196,
                0.01841119060417591,
                0.02668793738369336,
                0.009821548086501104,
                0.01860027928372634,
                0.013564895885104348,
                0.010968494650580756,
                0.013157920294772276,
                0.019618098294866018,
                0.009584068244207312,
                0.03353693373155404,
                0.05133584522597533,
                0.03672771019014011,
                0.007631784633145582,
                0.039271413195079305,
                0.01547115299757073,
                0.02000776116554296,
                0.14965427343371615,
                0.01645459992627315,
                0.009426311364618122,
                0.01249302740772426
            ],
            "uniqVals": [
                "Nanggroe Aceh Darussalam",
                "Jawa Timur",
                "Kalimantan Barat",
                "Sulawesi Barat, Sulawesi Selatan",
                "Papua, Papua Barat",
                "Banten, Jawa Barat",
                "Sumatera Barat",
                "Kepulauan Riau, Riau",
                "Kalimantan Tengah",
                "Bali",
                "Kalimantan Timur",
                "Sulawesi Tengah",
                "Gorontalo, Sulawesi Utara",
                "Nusa Tenggara Timur",
                "Maluku, Maluku Utara",
                "Lampung",
                "Sumatera Utara",
                "Bangka Belitung, Sumatera Selatan",
                "Bengkulu",
                "DKI Jakarta",
                "Kalimantan Selatan",
                "Nusa Tenggara Barat",
                "Jawa Tengah",
                "DKI Yogyakarta",
                "Sulawesi Tenggara",
                "Jambi"
            ]
        },
        "Education": {
            "probs": [
                0.05177474378230564,
                0.5345955009731015,
                0.2627685741201866,
                0.15086118112440625
            ],
            "uniqVals": [
                "University completed",
                "Primary completed",
                "Secondary completed",
                "Less than primary completed"
            ]
        },
        "Religion": {
            "probs": [
                0.001850771957278964,
                0.006432646553227534,
                0.019174977123985675,
                0.8744059309154923,
                0.09813567345001543
            ],
            "uniqVals": [
                "Other",
                "Buddhist",
                "Hindu",
                "Muslim",
                "Christian"
            ]
        },
        "Age": {
            "probs": [
                0.016910571498220645,
                0.017414370904579025,
                0.01776697986557937,
                0.017986356773157363,
                0.018382546243311895,
                0.018209018662305478,
                0.018002282836787557,
                0.01777611795266927,
                0.01754431058614651,
                0.017291086174426384,
                0.017000666459573648,
                0.016834621541873762,
                0.016865834409503525,
                0.01701942300226202,
                0.017147053219846005,
                0.017277713454176342,
                0.01734912577568845,
                0.017315078733858142,
                0.01720544755477594,
                0.017107389561607834,
                0.0170167809754649,
                0.016859608094604014,
                0.016612018775003623,
                0.016308392621307656,
                0.016015179378820483,
                0.015728927784565163,
                0.015463502012727429,
                0.01523575191253087,
                0.015048123668226814,
                0.014857195661783135,
                0.014636835846333768,
                0.01458418745779478,
                0.014781873879639765,
                0.015126460686547038,
                0.015448104354456656,
                0.015800192300382324,
                0.01596498086967519,
                0.01582309479281387,
                0.015481094585568116,
                0.015160814425194355,
                0.014812942636716956,
                0.014509977913505863,
                0.014308707203558492,
                0.014164419284154335,
                0.013976488038175644,
                0.013766097716850239,
                0.013524457576471334,
                0.013237463258598923,
                0.012915978481811368,
                0.012587897875886949,
                0.012251141075669325,
                0.011891430051026927,
                0.011505586979518461,
                0.011100584594802903,
                0.010684090317305463,
                0.010251577597618487,
                0.009830948455804994,
                0.009435908174928648,
                0.009053169023014002,
                0.008662817877809752,
                0.00827735910110814,
                0.007851741517090293,
                0.007364293115735072,
                0.006841301139888237,
                0.006331537773738874,
                0.005826230749292068,
                0.005354309336190695,
                0.004935439082147033,
                0.0045578731295554216,
                0.004186906701243051,
                0.0038255365576749085,
                0.0035013949735207403,
                0.003223498096172119,
                0.002980357727989537,
                0.0027509411185824887,
                0.0025388399463381088,
                0.0023310029683928576,
                0.0021186061847585902,
                0.0019066786842057688,
                0.0017113941049036218,
                0.0015322905540554495,
                0.0013519749965087377,
                0.001164302410496197,
                0.0009772136569786848,
                0.0008028398883687145,
                0.0006363811147229857,
                0.0004987444515913016,
                0.0004007899224096592,
                0.0003319863714133115,
                0.00026557727267505373,
                0.00021870808680836878,
                0.00017988322588900115,
                0.0001362657653110802,
                8.858734326457784e-05,
                5.4333373461347815e-05,
                3.9907537634831094e-05,
                3.130524618910083e-05,
                2.1675705163511034e-05,
                1.1026304842808886e-05,
                4.995832489101077e-06,
                5.1695041806600645e-06
            ],
            "uniqVals": [
                0,
                1,
                2,
                3,
                4,
                5,
                6,
                7,
                8,
                9,
                10,
                11,
                12,
                13,
                14,
                15,
                16,
                17,
                18,
                19,
                20,
                21,
                22,
                23,
                24,
                25,
                26,
                27,
                28,
                29,
                30,
                31,
                32,
                33,
                34,
                35,
                36,
                37,
                38,
                39,
                40,
                41,
                42,
                43,
                44,
                45,
                46,
                47,
                48,
                49,
                50,
                51,
                52,
                53,
                54,
                55,
                56,
                57,
                58,
                59,
                60,
                61,
                62,
                63,
                64,
                65,
                66,
                67,
                68,
                69,
                70,
                71,
                72,
                73,
                74,
                75,
                76,
                77,
                78,
                79,
                80,
                81,
                82,
                83,
                84,
                85,
                86,
                87,
                88,
                89,
                90,
                91,
                92,
                93,
                94,
                95,
                96,
                97,
                98,
                99,
                100
            ]
        },
        "Marital status": {
            "probs": [
                0.04124987701635123,
                0.7431077007399287,
                0.022797304789585006,
                0.19284511745413502
            ],
            "uniqVals": [
                "Widowed",
                "Married/in union",
                "Separated/divorced/spouse absent",
                "Single/never married"
            ]
        },
        "Sex": {
            "probs": [
                0.3961424727039639,
                0.6038575272960361
            ],
            "uniqVals": [
                "Female",
                "Male"
            ]
        }
    },
    "pop_num": 273524000,
    "corr": [
        [
            1.0000000000000007,
            0.1928525116044747,
            0.1026067872736049,
            0.15658569335937556,
            0.8556098937988288,
            0.2680173806635755,
            0.18780517578125058
        ],
        [
            0.1928525116044747,
            0.9999999999999998,
            9.723007665107808e-07,
            0.7510702728009159,
            6.106226635438361e-16,
            0.46905514597892806,
            0.4641307634099908
        ],
        [
            0.1026067872736049,
            9.723007665107808e-07,
            1.0000000000000007,
            0.28170106464613576,
            0.0709251420449469,
            0.13467748800735818,
            0.36870226627640074
        ],
        [
            0.15658569335937556,
            0.7510702728009159,
            0.28170106464613576,
            1.0000000000000009,
            0.08293657623406411,
            0.27385662269330163,
            0.4026512897555725
        ],
        [
            0.8556098937988288,
            6.106226635438361e-16,
            0.0709251420449469,
            0.08293657623406411,
            1.0000000000000002,
            0.18231498560643777,
            0.10449548683831716
        ],
        [
            0.2680173806635755,
            0.46905514597892806,
            0.13467748800735818,
            0.27385662269330163,
            0.18231498560643777,
            1.0000000000000022,
            0.1682987343338031
        ],
        [
            0.18780517578125058,
            0.4641307634099908,
            0.36870226627640074,
            0.4026512897555725,
            0.10449548683831716,
            0.1682987343338031,
            0.9999999999999982
        ]
    ]
}