{
    "avail_var": [
        "Home location",
        "Age",
        "Sex",
        "Marital status",
        "Religion",
        "Education",
        "Employment"
    ],
    "marginals": {
        "Employment": {
            "probs": [
                0.021838631352739248,
                0.9781613686472608
            ],
            "uniqVals": [
                "Unemployed",
                "Employed"
            ]
        },
        "Home location": {
            "probs": [
                0.03810945829030728,
                0.04094220088749965,
                0.03974212274287628,
                0.043551673132203955,
                0.04268650051631269,
                0.03639306745555525,
                0.04147246797465882,
                0.0893220953922581,
                0.03762105439423963,
                0.08577767854651,
                0.04260277413412966,
                0.04105383606374369,
                0.038681588568557954,
                0.040607295358767545,
                0.047110044374982556,
                0.04299349725098379,
                0.04493315843822388,
                0.04048170578549301,
                0.04450057213027825,
                0.07979124222042365,
                0.041625966341994364
            ],
            "uniqVals": [
                "Pailin",
                "Pursat",
                "Kampong Cham",
                "Banteay Meanchey",
                "Kampong Chhnang",
                "Kep",
                "Preah Vihear",
                "Phnom Penh, Kandal",
                "Prey Veng",
                "Seim Reap, Otdar Meanchey",
                "Battambang",
                "Takeo",
                "Kampot",
                "Svay Rieng",
                "Kampong Speu",
                "Kratie",
                "Stung Treng",
                "Mondul Kiri",
                "Ratanak Kiri",
                "Koh Kong, Preah Sihanouk",
                "Kampong Thom"
            ]
        },
        "Education": {
            "probs": [
                0.013172950796796071,
                0.3631910915129357,
                0.052580168010940245,
                0.5710557896793279
            ],
            "uniqVals": [
                "University completed",
                "Primary completed",
                "Secondary completed",
                "Less than primary completed"
            ]
        },
        "Religion": {
            "probs": [
                0.02698780385699534,
                0.9530015908012615,
                0.01459629929390751,
                0.005414306047835673
            ],
            "uniqVals": [
                "Other",
                "Buddhist",
                "Muslim",
                "Christian"
            ]
        },
        "Age": {
            "probs": [
                0.021427355718379268,
                0.02161999769266351,
                0.02172195964441785,
                0.021741066137459266,
                0.021483522742367683,
                0.021457622829578207,
                0.02135590349995772,
                0.02118552210645507,
                0.020953939279686425,
                0.02069160409745112,
                0.020429026293081954,
                0.020057753772743853,
                0.019538785028418937,
                0.018949031276540584,
                0.018379051228571763,
                0.01778080570200834,
                0.01743895111540067,
                0.017494875517255225,
                0.017812771168144295,
                0.018076198149981966,
                0.018301594112337203,
                0.01858934396309426,
                0.01894205589019213,
                0.019293130117886453,
                0.019686056663671497,
                0.020248151492289892,
                0.020193076267903842,
                0.019177399360035596,
                0.017618976738724226,
                0.016066619670759334,
                0.014155606433417026,
                0.013475839869876896,
                0.014791943634996349,
                0.01724012227670302,
                0.019447134517353606,
                0.02199430298967485,
                0.022655084371240492,
                0.020281330069095143,
                0.016064314760487676,
                0.012203529399919035,
                0.008090538331203717,
                0.005492297899705105,
                0.0054560258906931475,
                0.007049568065880643,
                0.00831678347102746,
                0.009676559220241574,
                0.010567528351306175,
                0.010522582601008749,
                0.009891522430840863,
                0.00948003529181559,
                0.009113493903087742,
                0.008822711275657442,
                0.008699034642922694,
                0.008662823289444201,
                0.00856607771356783,
                0.008465753461217033,
                0.008214700208206183,
                0.007733398550162914,
                0.007113074409418299,
                0.006507732185439493,
                0.0058672704075845615,
                0.005375778619919204,
                0.005134187630128864,
                0.005048360050276158,
                0.004933175192226484,
                0.004838067315753662,
                0.0046534318718867785,
                0.004310242863542883,
                0.003871642701058839,
                0.0034671309483820193,
                0.0030672290162485254,
                0.002722220341900685,
                0.002469044145218567,
                0.0022781005258713438,
                0.0020833962634493027,
                0.0018988214751158852,
                0.001717036841321849,
                0.0015279735435120353,
                0.0013392135233695457,
                0.0011675583636641326,
                0.0010086408659863298,
                0.0008664036400113499,
                0.0007443040511466868,
                0.0006386421118509873,
                0.0005421391581084742,
                0.0004562509227223028,
                0.0003777020068853735,
                0.0003043088113929531,
                0.00023734510244780255,
                0.00017207974843966672,
                0.00012222089993159268,
                9.425869900431516e-05,
                6.860140834870041e-05,
                4.427853942931149e-05,
                2.8265478594601583e-05,
                2.1775336513866883e-05,
                1.7044204903611685e-05,
                1.170651795870838e-05,
                5.762275679156975e-06,
                2.5475324055220314e-06,
                2.2442547381979797e-06
            ],
            "uniqVals": [
                0,
                1,
                2,
                3,
                4,
                5,
                6,
                7,
                8,
                9,
                10,
                11,
                12,
                13,
                14,
                15,
                16,
                17,
                18,
                19,
                20,
                21,
                22,
                23,
                24,
                25,
                26,
                27,
                28,
                29,
                30,
                31,
                32,
                33,
                34,
                35,
                36,
                37,
                38,
                39,
                40,
                41,
                42,
                43,
                44,
                45,
                46,
                47,
                48,
                49,
                50,
                51,
                52,
                53,
                54,
                55,
                56,
                57,
                58,
                59,
                60,
                61,
                62,
                63,
                64,
                65,
                66,
                67,
                68,
                69,
                70,
                71,
                72,
                73,
                74,
                75,
                76,
                77,
                78,
                79,
                80,
                81,
                82,
                83,
                84,
                85,
                86,
                87,
                88,
                89,
                90,
                91,
                92,
                93,
                94,
                95,
                96,
                97,
                98,
                99,
                100
            ]
        },
        "Marital status": {
            "probs": [
                0.036867516954592394,
                0.705450587480115,
                0.01922915910803494,
                0.23845273645725767
            ],
            "uniqVals": [
                "Widowed",
                "Married/in union",
                "Separated/divorced/spouse absent",
                "Single/never married"
            ]
        },
        "Sex": {
            "probs": [
                0.5070748792944657,
                0.4929251207055343
            ],
            "uniqVals": [
                "Female",
                "Male"
            ]
        }
    },
    "pop_num": 16719000,
    "corr": [
        [
            1.0000000000000009,
            0.18780660867562934,
            0.05821935442602966,
            0.11756962550235928,
            0.7659665260791995,
            0.2989329140617074,
            0.17609786987304696
        ],
        [
            0.18780660867562934,
            1.0000000000000004,
            1.9982414334318577e-10,
            0.7678031939139174,
            1.1102230246251565e-16,
            0.28140286484858135,
            0.22061895608745305
        ],
        [
            0.05821935442602966,
            1.9982414334318577e-10,
            1.0000000000000002,
            0.28195190452926944,
            9.43689570931383e-16,
            0.2204757911199617,
            0.0036756930282253186
        ],
        [
            0.11756962550235928,
            0.7678031939139174,
            0.28195190452926944,
            0.9999999999999998,
            8.326672684688674e-17,
            0.21463429195114347,
            0.2817192273023431
        ],
        [
            0.7659665260791995,
            1.1102230246251565e-16,
            9.43689570931383e-16,
            8.326672684688674e-17,
            1.0000000000000002,
            0.3636627848845675,
            0.19561043344043572
        ],
        [
            0.2989329140617074,
            0.28140286484858135,
            0.2204757911199617,
            0.21463429195114347,
            0.3636627848845675,
            1.0000000000000044,
            7.077671781985373e-16
        ],
        [
            0.17609786987304696,
            0.22061895608745305,
            0.0036756930282253186,
            0.2817192273023431,
            0.19561043344043572,
            7.077671781985373e-16,
            0.9999999999999969
        ]
    ]
}