{
    "avail_var": [
        "Home location",
        "Age",
        "Sex",
        "Marital status",
        "Religion",
        "Education",
        "Employment"
    ],
    "marginals": {
        "Employment": {
            "probs": [
                0.18342469175716783,
                0.8165753082428322
            ],
            "uniqVals": [
                "Unemployed",
                "Employed"
            ]
        },
        "Home location": {
            "probs": [
                0.03999074169324143,
                0.021182050641468397,
                0.022436698164503947,
                0.012943259805722515,
                0.059164988904727614,
                0.04025710170911282,
                0.04317420312431114,
                0.022137272767351977,
                0.036555615971313946,
                0.02565689890810763,
                0.033616470968595234,
                0.060460049671550546,
                0.024077108469146326,
                0.011161403147824298,
                0.05015650947139477,
                0.03884631210780784,
                0.01942040060546387,
                0.045088321307331695,
                0.15472945170249974,
                0.05079944744073949,
                0.015786882595852866,
                0.01650881008714565,
                0.07110159154701898,
                0.01771937043514042,
                0.017723044366393815,
                0.049305994386233044
            ],
            "uniqVals": [
                "Machinga",
                "Balaka",
                "Chiradzulu",
                "Chitipa",
                "Mzimba, Mzuzu city",
                "Ntcheu",
                "Dowa",
                "Nkhota Kota",
                "Mchinji",
                "Phalombe",
                "Chikwawa",
                "Mangochi",
                "Salima",
                "Rumphi",
                "Zomba, Zomba city",
                "Mulanje",
                "Nsanje",
                "Thyolo",
                "Lilongwe, Lilongwe city",
                "Dedza",
                "Mwanza, Neno",
                "Karonga",
                "Blantyre, Blantyre city",
                "Nkhata Bay, Likoma",
                "Ntchisi",
                "Kasungu"
            ]
        },
        "Education": {
            "probs": [
                0.004798154216938293,
                0.20270915690625596,
                0.08389605713697885,
                0.7085966317398269
            ],
            "uniqVals": [
                "University completed",
                "Primary completed",
                "Secondary completed",
                "Less than primary completed"
            ]
        },
        "Religion": {
            "probs": [
                0.020981821388158184,
                0.12883007333166782,
                0.8123466133701707,
                0.03784149191000338
            ],
            "uniqVals": [
                "Other",
                "Muslim",
                "Christian",
                "No religion"
            ]
        },
        "Age": {
            "probs": [
                0.0060656604993607355,
                0.00038392581598013136,
                0.007707907769629815,
                0.013905829794112893,
                0.010050038943671286,
                0.0006594706599850103,
                0.0380325363351801,
                0.007581157141387571,
                0.012621790821050156,
                0.0261877819742237,
                0.009587123605743089,
                0.004471174335385836,
                0.007244992431701618,
                0.011585742207591811,
                0.0017818566578982173,
                0.00019839228768351287,
                0.0005455787911296604,
                0.029861713227622086,
                0.00505532940467618,
                0.022739797492909313,
                0.00987920114038826,
                0.00334695137184593,
                0.0045758813761076905,
                0.024049553984745838,
                0.02082751627551545,
                0.007548091760106985,
                0.0032863315061648565,
                0.00011756580010874837,
                0.032569400561376693,
                0.025666083736241126,
                0.0007935691507340515,
                0.004746719179390715,
                0.013163695680926419,
                0.003517789175128955,
                0.007926506679207019,
                0.014557952591591107,
                0.0006906990756388966,
                0.016022014196070362,
                0.013171043543433215,
                0.008095507516863344,
                0.0011719840698340852,
                0.0027481005775419932,
                0.00031412112216556206,
                0.0002902405690184725,
                0.0350511411230473,
                0.008178170970064808,
                0.006789424956280218,
                0.014012373800461445,
                0.02634392405249313,
                0.0021492497832380562,
                0.02133451878848443,
                0.0016569429952826723,
                0.0001598160095228298,
                0.0010231898540714506,
                0.01129366467294664,
                0.008461063676576484,
                0.0027260569900216026,
                0.008374726292121621,
                0.02022131761870472,
                0.012627301717930254,
                0.0005529266536364572,
                0.0044270871603450555,
                0.0015375402295472248,
                0.021281246785310154,
                0.0019288139080341528,
                0.021167354916454804,
                0.013597219568827429,
                0.0031154937028818317,
                0.009291372139844519,
                0.001008494129057857,
                0.00023513160021749674,
                0.012081722926800594,
                0.0045575117198406985,
                0.02761510426616897,
                0.009454862080620748,
                0.02010558878422267,
                0.006357738034005907,
                0.032850456302261674,
                0.014488147897776537,
                0.03376710214998457,
                0.0010819727541258248,
                0.002320087586521081,
                0.00017451173453642335,
                0.006172204505709289,
                0.002569914911752171,
                0.037418989815862565,
                0.03212485487971549,
                0.005007568298382001,
                0.029110394286302115,
                0.008053257307449263,
                0.00014695725013593545,
                0.009550384293209105,
                0.011100783282143225
            ],
            "uniqVals": [
                68,
                89,
                11,
                39,
                46,
                85,
                25,
                55,
                42,
                29,
                58,
                66,
                59,
                8,
                74,
                95,
                90,
                20,
                57,
                31,
                14,
                78,
                70,
                33,
                18,
                52,
                69,
                96,
                26,
                35,
                83,
                65,
                17,
                64,
                49,
                44,
                84,
                37,
                45,
                13,
                86,
                67,
                93,
                94,
                30,
                47,
                54,
                50,
                32,
                80,
                40,
                77,
                91,
                82,
                43,
                9,
                75,
                60,
                34,
                7,
                87,
                61,
                79,
                38,
                71,
                36,
                48,
                76,
                12,
                81,
                98,
                16,
                62,
                21,
                10,
                19,
                51,
                22,
                6,
                24,
                88,
                73,
                92,
                53,
                72,
                28,
                23,
                63,
                27,
                56,
                97,
                41,
                15
            ]
        },
        "Marital status": {
            "probs": [
                0.04329911678692668,
                0.6903959763104913,
                0.05406924625626405,
                0.212235660646318
            ],
            "uniqVals": [
                "Widowed",
                "Married/in union",
                "Separated/divorced/spouse absent",
                "Single/never married"
            ]
        },
        "Sex": {
            "probs": [
                0.4938424912193043,
                0.5061575087806957
            ],
            "uniqVals": [
                "Female",
                "Male"
            ]
        }
    },
    "pop_num": 19130000,
    "corr": [
        [
            1.0000000000000004,
            0.11835192330900668,
            0.06670862745023406,
            0.13625646153600882,
            0.6804385520363149,
            0.3396378983490608,
            0.18552930675418217
        ],
        [
            0.11835192330900668,
            1.0000000000000004,
            0.12336010648505993,
            0.8020285805771863,
            0.13065600775031594,
            0.41387031929512075,
            0.19774088621511524
        ],
        [
            0.06670862745023406,
            0.12336010648505993,
            1.0000000000000009,
            0.3792839496745757,
            0.13603310241433755,
            0.2817230152720327,
            0.29344561879222114
        ],
        [
            0.13625646153600882,
            0.8020285805771863,
            0.3792839496745757,
            1.0000000000000016,
            0.052394328025990866,
            0.20733271620612584,
            0.09599196449927705
        ],
        [
            0.6804385520363149,
            0.13065600775031594,
            0.13603310241433755,
            0.052394328025990866,
            1.0000000000000022,
            0.21929308697868796,
            5.9372722027023483e-8
        ],
        [
            0.3396378983490608,
            0.41387031929512075,
            0.2817230152720327,
            0.20733271620612584,
            0.21929308697868796,
            1.000000000000004,
            0.08116639483647063
        ],
        [
            0.18552930675418217,
            0.19774088621511524,
            0.29344561879222114,
            0.09599196449927705,
            5.9372722027023483e-8,
            0.08116639483647063,
            0.9999999999999971
        ]
    ]
}
