{
    "avail_var": [
        "Home location",
        "Age",
        "Sex",
        "Marital status",
        "Religion",
        "Education",
        "Employment"
    ],
    "marginals": {
        "Employment": {
            "probs": [
                0.02889193168602153,
                0.9711080683139784
            ],
            "uniqVals": [
                "Unemployed",
                "Employed"
            ]
        },
        "Home location": {
            "probs": [
                0.03314293571359003,
                0.03151013767065604,
                0.02505915312208173,
                0.016643081806046508,
                0.07135040991824551,
                0.09777309263407563,
                0.3325980967876847,
                0.03272471024996133,
                0.028817453178799978,
                0.03168774026479974,
                0.11289222960005042,
                0.18580095905400837
            ],
            "uniqVals": [
                "Rivas",
                "Granada",
                "Madriz",
                "Río San Juan",
                "Chinandega",
                "Nueva Segovia, Jinotega",
                "Managua, Masaya",
                "Carazo",
                "Boaco",
                "Chontales",
                "Estelí, León",
                "Matagalpa, Atlantico Norte, Atlantico Sur, Zelaya"
            ]
        },
        "Education": {
            "probs": [
                0.07667275862661632,
                0.3180747878794823,
                0.15580903710748395,
                0.44944341638641744
            ],
            "uniqVals": [
                "University completed",
                "Primary completed",
                "Secondary completed",
                "Less than primary completed"
            ]
        },
        "Religion": {
            "probs": [
                0.01503892934281311,
                6.302027534131208e-05,
                0.8195099314224822,
                0.16538811895936337
            ],
            "uniqVals": [
                "Other",
                "Muslim",
                "Christian",
                "No religion"
            ]
        },
        "Age": {
            "probs": [
                0.01994040794114677,
                0.020127712110131184,
                0.02025696115332924,
                0.020332432816851508,
                0.020337474446196113,
                0.020322807888102715,
                0.020269641615014156,
                0.020181947819747387,
                0.0200641570250598,
                0.01992253307347044,
                0.01976379813743879,
                0.01958046616127133,
                0.019372231591674467,
                0.01915055267715865,
                0.018925818229706716,
                0.01869573659961656,
                0.01849850194858974,
                0.018354280794004675,
                0.018248712131061585,
                0.018137643508833467,
                0.018017102734503364,
                0.017944533827270417,
                0.01794025608115984,
                0.017972950283576372,
                0.017996325110537722,
                0.01802550545007771,
                0.01798379742549961,
                0.017830409672106175,
                0.01760032804201602,
                0.017361538143057912,
                0.01709142903150453,
                0.016841486437329568,
                0.016641043476719818,
                0.01645786427719917,
                0.01624092143873435,
                0.016014812001461154,
                0.01568588388088738,
                0.015207234646443519,
                0.014629586144869231,
                0.014052701526528976,
                0.013458247593806004,
                0.01289068235092093,
                0.012382852776937082,
                0.011914897907769655,
                0.011438693099674692,
                0.010968599357451978,
                0.010503394467927063,
                0.010039106238282984,
                0.009584748490681312,
                0.009148723940696383,
                0.008722782649400664,
                0.008354438153950887,
                0.008065384738193534,
                0.007832553128460868,
                0.0076046103714260006,
                0.007385375883259086,
                0.0071805023998919556,
                0.006985712175214036,
                0.006794741366706271,
                0.006605298324666568,
                0.00641768860238854,
                0.006200287433983301,
                0.0059370532715361975,
                0.0056379165970896344,
                0.005346418754983383,
                0.005073559663787489,
                0.004730270538413931,
                0.004283093293212148,
                0.0037819858916877734,
                0.003295850601550408,
                0.0027935209868515834,
                0.002428995907571962,
                0.00228064978352313,
                0.002272094291301982,
                0.0022520805505703684,
                0.0022540666469788493,
                0.0022093030894646294,
                0.002069359680990139,
                0.0018710555934356762,
                0.0017004040789531376,
                0.001541363589627871,
                0.0013887397194684654,
                0.0012481852044067506,
                0.0011177139480342457,
                0.000988159351542578,
                0.0008613547346934222,
                0.0007449389298270889,
                0.0006413563632924773,
                0.0005490792686215253,
                0.0004560382907165423,
                0.0003810249571346923,
                0.00032388649122916906,
                0.0002615536193322346,
                0.0001941791180906952,
                0.00014681835758076955,
                0.00012298520067900053,
                0.00010144369347932466,
                7.654110004991212e-05,
                4.843019703756915e-05,
                3.086088265485479e-05,
                5.881900902039155e-05
            ],
            "uniqVals": [
                0,
                1,
                2,
                3,
                4,
                5,
                6,
                7,
                8,
                9,
                10,
                11,
                12,
                13,
                14,
                15,
                16,
                17,
                18,
                19,
                20,
                21,
                22,
                23,
                24,
                25,
                26,
                27,
                28,
                29,
                30,
                31,
                32,
                33,
                34,
                35,
                36,
                37,
                38,
                39,
                40,
                41,
                42,
                43,
                44,
                45,
                46,
                47,
                48,
                49,
                50,
                51,
                52,
                53,
                54,
                55,
                56,
                57,
                58,
                59,
                60,
                61,
                62,
                63,
                64,
                65,
                66,
                67,
                68,
                69,
                70,
                71,
                72,
                73,
                74,
                75,
                76,
                77,
                78,
                79,
                80,
                81,
                82,
                83,
                84,
                85,
                86,
                87,
                88,
                89,
                90,
                91,
                92,
                93,
                94,
                95,
                96,
                97,
                98,
                99,
                100
            ]
        },
        "Marital status": {
            "probs": [
                0.020240966616441418,
                0.5958738906999261,
                0.07867222008971796,
                0.3052129225939145
            ],
            "uniqVals": [
                "Widowed",
                "Married/in union",
                "Separated/divorced/spouse absent",
                "Single/never married"
            ]
        },
        "Sex": {
            "probs": [
                0.3146602347791712,
                0.6853397652208287
            ],
            "uniqVals": [
                "Female",
                "Male"
            ]
        }
    },
    "pop_num": 6625000,
    "corr": [
        [
            0.9999999999999988,
            0.1976192185620726,
            0.21902262615006524,
            0.11209825312848232,
            0.1253662109338614,
            0.4142658614818732,
            0.18780517578124867
        ],
        [
            0.1976192185620726,
            1.0000000000000018,
            0.180870467335538,
            0.6638268046791742,
            0.19097651762478896,
            0.37153359768713423,
            1.5110039384879509e-05
        ],
        [
            0.21902262615006524,
            0.180870467335538,
            1.0000000000000004,
            0.3924437327674224,
            0.18461146028289468,
            0.29334419232442654,
            4.85722573273506e-16
        ],
        [
            0.11209825312848232,
            0.6638268046791742,
            0.3924437327674224,
            1.000000000000001,
            0.08925381255557671,
            0.06274413318169408,
            0.12240214605149852
        ],
        [
            0.1253662109338614,
            0.19097651762478896,
            0.18461146028289468,
            0.08925381255557671,
            0.9999999999999997,
            0.1585990184391805,
            3.3306690738754696e-16
        ],
        [
            0.4142658614818732,
            0.37153359768713423,
            0.29334419232442654,
            0.06274413318169408,
            0.1585990184391805,
            0.9999999999999987,
            0.18959466545667145
        ],
        [
            0.18780517578124867,
            1.5110039384879509e-05,
            4.85722573273506e-16,
            0.12240214605149852,
            3.3306690738754696e-16,
            0.18959466545667145,
            0.9999999999999984
        ]
    ]
}