{
    "avail_var": [
        "Home location",
        "Age",
        "Sex",
        "Marital status",
        "Religion",
        "Education",
        "Employment"
    ],
    "marginals": {
        "Employment": {
            "probs": [
                0.020627991120995125,
                0.9793720088790049
            ],
            "uniqVals": [
                "Unemployed",
                "Employed"
            ]
        },
        "Home location": {
            "probs": [
                0.09984313093708712,
                0.1547174073172899,
                0.07745461883475102,
                0.062383894886932204,
                0.06137408662593662,
                0.03792012715611918,
                0.0930925294949547,
                0.10795647527090847,
                0.02237522515153352,
                0.01622087562666658,
                0.062083277625023976,
                0.09174224311964319,
                0.05441172440538819,
                0.05842438354776534
            ],
            "uniqVals": [
                "Narayani",
                "Bagmati",
                "Sagarmatha",
                "Gandaki",
                "Mechi",
                "Mahakali",
                "Koshi",
                "Lumbini",
                "Dhawalagiri",
                "Karnali",
                "Bheri",
                "Janakpur",
                "Rapti",
                "Seti"
            ]
        },
        "Education": {
            "probs": [
                0.03907277013824242,
                0.2289391449348898,
                0.16809487547220578,
                0.563893209454662
            ],
            "uniqVals": [
                "University completed",
                "Primary completed",
                "Secondary completed",
                "Less than primary completed"
            ]
        },
        "Religion": {
            "probs": [
                0.0408224954720563,
                0.10286176007254676,
                0.8073541611823393,
                0.03381778109582466,
                0.015143802177232976
            ],
            "uniqVals": [
                "Other",
                "Buddhist",
                "Hindu",
                "Muslim",
                "Christian"
            ]
        },
        "Age": {
            "probs": [
                0.018999734870999974,
                0.018879561699992466,
                0.018823564777376404,
                0.018827165078892916,
                0.01906335184925293,
                0.01909362234549857,
                0.01918820890767027,
                0.01934081974671005,
                0.01954526793671089,
                0.0197836568332412,
                0.020037949974334744,
                0.02036075370739301,
                0.020769405406709112,
                0.02122234431011669,
                0.021638126703698506,
                0.022005602139068464,
                0.022342667260658162,
                0.022640863107622974,
                0.022867856875081596,
                0.023034030014979702,
                0.023178496482627757,
                0.022997782319128978,
                0.02235479643178661,
                0.02139812990552005,
                0.02043066247470395,
                0.019412406324436454,
                0.018406349254064713,
                0.017481176627471732,
                0.016619725842282676,
                0.01573038145893655,
                0.014824328880203113,
                0.014051697183882602,
                0.013475928576309701,
                0.0130449060714541,
                0.012631360758426236,
                0.012247107218901654,
                0.011936537520122801,
                0.011704545275801446,
                0.011528934452316364,
                0.011382440630416291,
                0.011270516693951476,
                0.011130384569876696,
                0.01092796373412787,
                0.010685904627313739,
                0.010459854628213815,
                0.01023719520432847,
                0.010012648243725733,
                0.00978866055326148,
                0.009561526968268235,
                0.009327542324078519,
                0.009090446739743465,
                0.008831784300692988,
                0.008543061091698806,
                0.00823399443141714,
                0.007926360900865348,
                0.007619985728125153,
                0.00730843730660395,
                0.00699206518013829,
                0.0066763921413457395,
                0.006360963783238779,
                0.006039138772922866,
                0.00575869975285503,
                0.005541213577750695,
                0.005362981175491454,
                0.005183909868024482,
                0.005018295998264865,
                0.004815176074842928,
                0.004547145860972783,
                0.0042412950039874215,
                0.003945580918262145,
                0.0036427710926548082,
                0.0033856816008688262,
                0.003203184763803617,
                0.003065254765899132,
                0.0029213825227732177,
                0.0027911424892729363,
                0.002607946564534618,
                0.002336560729833549,
                0.002013722042391628,
                0.001709793676507316,
                0.0014089063420010303,
                0.0011519217133660145,
                0.0009657546660169812,
                0.0008298520223645137,
                0.0006955922347438533,
                0.0005709798570121028,
                0.000463460172887877,
                0.000371320417572058,
                0.0002933721420203599,
                0.0002234284203257644,
                0.00017424760252251806,
                0.0001394679907853254,
                0.00010367470192212409,
                6.679782716560321e-05,
                4.0407267505723344e-05,
                2.9221864735972935e-05,
                2.2825212527021924e-05,
                1.569451826130604e-05,
                7.829781938825285e-06,
                3.215803296303242e-06,
                3.215803296303242e-06
            ],
            "uniqVals": [
                0,
                1,
                2,
                3,
                4,
                5,
                6,
                7,
                8,
                9,
                10,
                11,
                12,
                13,
                14,
                15,
                16,
                17,
                18,
                19,
                20,
                21,
                22,
                23,
                24,
                25,
                26,
                27,
                28,
                29,
                30,
                31,
                32,
                33,
                34,
                35,
                36,
                37,
                38,
                39,
                40,
                41,
                42,
                43,
                44,
                45,
                46,
                47,
                48,
                49,
                50,
                51,
                52,
                53,
                54,
                55,
                56,
                57,
                58,
                59,
                60,
                61,
                62,
                63,
                64,
                65,
                66,
                67,
                68,
                69,
                70,
                71,
                72,
                73,
                74,
                75,
                76,
                77,
                78,
                79,
                80,
                81,
                82,
                83,
                84,
                85,
                86,
                87,
                88,
                89,
                90,
                91,
                92,
                93,
                94,
                95,
                96,
                97,
                98,
                99,
                100
            ]
        },
        "Marital status": {
            "probs": [
                0.027087940514321257,
                0.8578304568468903,
                0.004571541510510394,
                0.11051006112827803
            ],
            "uniqVals": [
                "Widowed",
                "Married/in union",
                "Separated/divorced/spouse absent",
                "Single/never married"
            ]
        },
        "Sex": {
            "probs": [
                0.4271090335487203,
                0.5728909664512797
            ],
            "uniqVals": [
                "Female",
                "Male"
            ]
        }
    },
    "pop_num": 29137000,
    "corr": [
        [
            1.0000000000000018,
            0.13707300882312437,
            0.1765970403007829,
            0.11891194847060599,
            0.5405046258197916,
            0.2819745475639722,
            6.279698983036042e-16
        ],
        [
            0.13707300882312437,
            0.9999999999999998,
            0.09006118774413355,
            0.722830753175715,
            0.13876910115790583,
            0.4333683961063919,
            0.24138619098113845
        ],
        [
            0.1765970403007829,
            0.09006118774413355,
            0.9999999999999994,
            0.1915759088997246,
            0.12991266265913126,
            0.30414485349706843,
            0.1696330322665387
        ],
        [
            0.11891194847060599,
            0.722830753175715,
            0.1915759088997246,
            0.9999999999999994,
            0.09004496128164668,
            0.29148363646185127,
            0.3646243520853547
        ],
        [
            0.5405046258197916,
            0.13876910115790583,
            0.12991266265913126,
            0.09004496128164668,
            0.9999999999999997,
            0.1607358832875024,
            0.07400544011768488
        ],
        [
            0.2819745475639722,
            0.4333683961063919,
            0.30414485349706843,
            0.29148363646185127,
            0.1607358832875024,
            1.0000000000000022,
            0.1453647912579453
        ],
        [
            6.279698983036042e-16,
            0.24138619098113845,
            0.1696330322665387,
            0.3646243520853547,
            0.07400544011768488,
            0.1453647912579453,
            0.9999999999999984
        ]
    ]
}