{
    "avail_var": [
        "Home location",
        "Age",
        "Sex",
        "Marital status",
        "Religion",
        "Education",
        "Employment"
    ],
    "marginals": {
        "Employment": {
            "probs": [
                0.04447560956265262,
                0.9555243904373474
            ],
            "uniqVals": [
                "Unemployed",
                "Employed"
            ]
        },
        "Home location": {
            "probs": [
                0.3522759400621996,
                0.0424377467432918,
                0.040983063531119863,
                0.05592552469835618,
                0.010905925198117776,
                0.006835798083625156,
                0.026580859951983324,
                0.028761485139183977,
                0.05249736169545708,
                0.046043196346776324,
                0.004770875730490776,
                0.009308479618106,
                0.04375526611185292,
                0.03374230552826275,
                0.027197630704546283,
                0.03430215795116407,
                0.04559344823371226,
                0.037386944801350366,
                0.018456468208313623,
                0.007264085187144669,
                0.014739981207620339,
                0.012022830781805915,
                0.023133102114282676,
                0.01244738553583942,
                0.012632136835396856
            ],
            "uniqVals": [
                "Lima",
                "Cajamarca",
                "Cusco",
                "La Libertad",
                "Apurímac",
                "Moquegua",
                "Ica",
                "Loreto",
                "Piura",
                "Arequipa",
                "Madre de Dios",
                "Pasco",
                "Junín",
                "Ancash",
                "San Martín",
                "Callao",
                "Puno",
                "Lambayeque",
                "Ayacucho",
                "Tumbes",
                "Ucayali",
                "Amazonas",
                "Huánuco",
                "Tacna",
                "Huancavelica"
            ]
        },
        "Education": {
            "probs": [
                0.1314953378289483,
                0.19633557927463655,
                0.468991173926553,
                0.2031779089698622
            ],
            "uniqVals": [
                "University completed",
                "Primary completed",
                "Secondary completed",
                "Less than primary completed"
            ]
        },
        "Religion": {
            "probs": [
                0.032914657029740294,
                0.9346642891600441,
                0.03242105381021563
            ],
            "uniqVals": [
                "Other",
                "Christian",
                "No religion"
            ]
        },
        "Age": {
            "probs": [
                0.018709331168532763,
                0.01783130611924247,
                0.017176255446631303,
                0.016716588032492433,
                0.01600254096665867,
                0.016123732723330723,
                0.016287618428799933,
                0.01647309718330056,
                0.016659006568408654,
                0.016880135385341492,
                0.017171026360683524,
                0.017231991350968805,
                0.016930396129098378,
                0.016412409026977222,
                0.015938930674070394,
                0.01543653855180526,
                0.015146108966399799,
                0.015207135475343291,
                0.015497072911483077,
                0.015742163245788386,
                0.01598319334865189,
                0.016224500285477332,
                0.016436339785020584,
                0.016619050199901803,
                0.01681184967472932,
                0.017017721864426287,
                0.017115351975004228,
                0.01705171092308685,
                0.016877151730418347,
                0.016694595112182655,
                0.01648263257532298,
                0.016277806202815572,
                0.016108506855423955,
                0.01595474096923015,
                0.01577080018118475,
                0.015569018982258695,
                0.015342107411454194,
                0.015082898545089884,
                0.014800558663238927,
                0.01451142096965586,
                0.01421240953143022,
                0.01391515137496354,
                0.013627121017228237,
                0.013343581521542202,
                0.013051983081630768,
                0.012754478850531253,
                0.012455898042913078,
                0.01215716343864938,
                0.011857167701892393,
                0.011554126791554053,
                0.011248748172203765,
                0.010938109707576594,
                0.01062073494987552,
                0.01029816186555577,
                0.009976573079767369,
                0.009658398579509574,
                0.009329642870039803,
                0.008985199902726696,
                0.008633559252403118,
                0.00828219543604148,
                0.007921972932897724,
                0.0076002918691220065,
                0.007339145165024107,
                0.0071133101707382684,
                0.0068837532976307745,
                0.006668099641278551,
                0.006397171470525395,
                0.006035749353546559,
                0.005620806003925751,
                0.0052214576341609665,
                0.004820202185991696,
                0.004466623697934529,
                0.004191235424461208,
                0.003968599400402245,
                0.0037415647922813275,
                0.0035203129380320707,
                0.0033027829626044686,
                0.003081807942317153,
                0.002860402291422373,
                0.002650500629612707,
                0.0024520414382299457,
                0.00224724582505164,
                0.0020292237003583648,
                0.001805603377768055,
                0.001592379708415094,
                0.0013878916885278344,
                0.0011939541185234464,
                0.0010135814126541788,
                0.0008469273675655546,
                0.0006737831040358639,
                0.0005306907050413494,
                0.00043687475127237495,
                0.0003397675492892103,
                0.00023770809532020797,
                0.00016739226898713404,
                0.00013472586147806817,
                0.00010839587576454619,
                7.849780787489269e-05,
                4.500089848000314e-05,
                2.660681967546324e-05,
                4.0171683810583805e-05
            ],
            "uniqVals": [
                0,
                1,
                2,
                3,
                4,
                5,
                6,
                7,
                8,
                9,
                10,
                11,
                12,
                13,
                14,
                15,
                16,
                17,
                18,
                19,
                20,
                21,
                22,
                23,
                24,
                25,
                26,
                27,
                28,
                29,
                30,
                31,
                32,
                33,
                34,
                35,
                36,
                37,
                38,
                39,
                40,
                41,
                42,
                43,
                44,
                45,
                46,
                47,
                48,
                49,
                50,
                51,
                52,
                53,
                54,
                55,
                56,
                57,
                58,
                59,
                60,
                61,
                62,
                63,
                64,
                65,
                66,
                67,
                68,
                69,
                70,
                71,
                72,
                73,
                74,
                75,
                76,
                77,
                78,
                79,
                80,
                81,
                82,
                83,
                84,
                85,
                86,
                87,
                88,
                89,
                90,
                91,
                92,
                93,
                94,
                95,
                96,
                97,
                98,
                99,
                100
            ]
        },
        "Marital status": {
            "probs": [
                0.023353310733957196,
                0.6086109034991709,
                0.0491653066918227,
                0.3188704790750492
            ],
            "uniqVals": [
                "Widowed",
                "Married/in union",
                "Separated/divorced/spouse absent",
                "Single/never married"
            ]
        },
        "Sex": {
            "probs": [
                0.3531287819197526,
                0.6468712180802474
            ],
            "uniqVals": [
                "Female",
                "Male"
            ]
        }
    },
    "pop_num": 32972000,
    "corr": [
        [
            1.0000000000000002,
            0.1571077965205196,
            0.1427430447691909,
            0.13463447988025262,
            0.200154917620727,
            0.3816790155820786,
            0.10711521266602958
        ],
        [
            0.1571077965205196,
            0.9999999999999993,
            0.05479354343054027,
            0.631096690159884,
            0.0039062798023216105,
            0.4768276054974298,
            0.2065137964024226
        ],
        [
            0.1427430447691909,
            0.05479354343054027,
            1.0000000000000033,
            0.23561990403474362,
            0.0627431432220348,
            0.09393242071196756,
            9.020562075079397e-17
        ],
        [
            0.13463447988025262,
            0.631096690159884,
            0.23561990403474362,
            0.9999999999999986,
            0.09272151835604239,
            0.289512887408788,
            0.25052639190755305
        ],
        [
            0.200154917620727,
            0.0039062798023216105,
            0.0627431432220348,
            0.09272151835604239,
            0.9999999999999976,
            1.582067810090848e-15,
            -1.3808398868775384e-15
        ],
        [
            0.3816790155820786,
            0.4768276054974298,
            0.09393242071196756,
            0.289512887408788,
            1.582067810090848e-15,
            0.9999999999999996,
            0.05868724078106438
        ],
        [
            0.10711521266602958,
            0.2065137964024226,
            9.020562075079397e-17,
            0.25052639190755305,
            -1.3808398868775384e-15,
            0.05868724078106438,
            0.9999999999999976
        ]
    ]
}