{
    "avail_var": [
        "Home location",
        "Age",
        "Sex",
        "Marital status",
        "Religion",
        "Education",
        "Employment"
    ],
    "marginals": {
        "Employment": {
            "probs": [
                0.021456188608480344,
                0.9785438113915197
            ],
            "uniqVals": [
                "Unemployed",
                "Employed"
            ]
        },
        "Home location": {
            "probs": [
                0.028974437096891858,
                0.0232499259761493,
                0.019027348058000368,
                0.0064797689597610635,
                0.034334193011290245,
                0.05928774036295289,
                0.0946475391897285,
                0.06842378547244382,
                0.040444915526985446,
                0.12197414100148905,
                0.06457025399836075,
                0.03587903859110083,
                0.09209425274531934,
                0.04167650075311222,
                0.016628546171572268,
                0.034836267824728685,
                0.10102431844416886,
                0.03188389627220179,
                0.06032192865388164,
                0.02424120188986109
            ],
            "uniqVals": [
                "North Solomons",
                "Western",
                "New Ireland",
                "Manus",
                "West New Britain",
                "East Sepik",
                "Western Highlands, Jiwaka",
                "Enga",
                "Milne Bay",
                "Southern Highlands, Hela",
                "Madang",
                "National Capital Dist",
                "Eastern Highlands",
                "East New Britain",
                "Gulf",
                "Central",
                "Morobe",
                "West Sepik",
                "Chimbu",
                "Northern"
            ]
        },
        "Education": {
            "probs": [
                0.005690181218968987,
                0.33039526590654544,
                0.03560869061463398,
                0.6283058622598516
            ],
            "uniqVals": [
                "University completed",
                "Primary completed",
                "Secondary completed",
                "Less than primary completed"
            ]
        },
        "Religion": {
            "probs": [
                0.005750258547072732,
                0.00015877579570275455,
                0.0001373196070942742,
                0.00018023198431123489,
                0.9873537224341616,
                0.006419691631657319
            ],
            "uniqVals": [
                "Other",
                "Buddhist",
                "Hindu",
                "Muslim",
                "Christian",
                "No religion"
            ]
        },
        "Age": {
            "probs": [
                0.025716834514208378,
                0.025302984155068996,
                0.024934484138148076,
                0.02460495351077167,
                0.024280094652317265,
                0.024040694981460477,
                0.02381462694386892,
                0.023596649042703265,
                0.023381519781124203,
                0.023169808887049042,
                0.022962427925145492,
                0.022723711927789485,
                0.02243634116629457,
                0.022113077546008657,
                0.021781268006962982,
                0.021431682956897,
                0.021078337702576725,
                0.02072966421717845,
                0.02037506556144008,
                0.020008046837104186,
                0.01964558593610683,
                0.01920757911327319,
                0.018658361400979175,
                0.018043511032610197,
                0.017442106243089908,
                0.016836257575814546,
                0.016296839183698394,
                0.01586680855170719,
                0.01551460275322155,
                0.015157041512313127,
                0.014799822108155091,
                0.014492055087220212,
                0.01424661630043986,
                0.014039919012037093,
                0.01383789349255633,
                0.013649883279841577,
                0.013418459799827233,
                0.013112401962644304,
                0.012756094123153977,
                0.012407420637755706,
                0.01205794953327319,
                0.011696742033693934,
                0.011325849159520281,
                0.010948119550338819,
                0.010566060008985747,
                0.010180809991295694,
                0.009800003851360718,
                0.009428313358102822,
                0.00906494089243776,
                0.008703049719357724,
                0.00834286773002964,
                0.007997954448885661,
                0.007674348991849356,
                0.007366354079747549,
                0.007062119371900037,
                0.006763012215308383,
                0.006468918664389121,
                0.006177901644223374,
                0.005890075100394603,
                0.005606008760820128,
                0.005324335278498387,
                0.005046194109264014,
                0.004771813144283935,
                0.004499141363055809,
                0.004230799513999297,
                0.003971915148370252,
                0.0036927484688847076,
                0.003380423624611288,
                0.003051462725152199,
                0.002733668492872532,
                0.0024204320839314045,
                0.0021397841118608344,
                0.001908132740679564,
                0.0017127160650396828,
                0.0015235663964902934,
                0.0013460391774541797,
                0.0011822993740171477,
                0.0010305238568437823,
                0.0008909405171010099,
                0.000765258538540783,
                0.0006525663564953938,
                0.0005511547872128897,
                0.0004598843748586361,
                0.0003786411738491694,
                0.00030719729301756273,
                0.00024464116769610795,
                0.0001919983081359767,
                0.00014983844225448624,
                0.0001161105495492939,
                8.659864343225061e-05,
                6.654422074267677e-05,
                5.195918605935037e-05,
                3.726020579256046e-05,
                2.2561225525770554e-05,
                1.116666717942179e-05,
                6.3809526739553085e-06,
                4.899660088929968e-06,
                3.1904763369776542e-06,
                1.4812925850253392e-06,
                4.557823338539506e-07,
                3.4183675039046293e-07
            ],
            "uniqVals": [
                0,
                1,
                2,
                3,
                4,
                5,
                6,
                7,
                8,
                9,
                10,
                11,
                12,
                13,
                14,
                15,
                16,
                17,
                18,
                19,
                20,
                21,
                22,
                23,
                24,
                25,
                26,
                27,
                28,
                29,
                30,
                31,
                32,
                33,
                34,
                35,
                36,
                37,
                38,
                39,
                40,
                41,
                42,
                43,
                44,
                45,
                46,
                47,
                48,
                49,
                50,
                51,
                52,
                53,
                54,
                55,
                56,
                57,
                58,
                59,
                60,
                61,
                62,
                63,
                64,
                65,
                66,
                67,
                68,
                69,
                70,
                71,
                72,
                73,
                74,
                75,
                76,
                77,
                78,
                79,
                80,
                81,
                82,
                83,
                84,
                85,
                86,
                87,
                88,
                89,
                90,
                91,
                92,
                93,
                94,
                95,
                96,
                97,
                98,
                99,
                100
            ]
        },
        "Marital status": {
            "probs": [
                0.03530401273639356,
                0.6431578360146417,
                0.028871447391571152,
                0.2926667038573936
            ],
            "uniqVals": [
                "Widowed",
                "Married/in union",
                "Separated/divorced/spouse absent",
                "Single/never married"
            ]
        },
        "Sex": {
            "probs": [
                0.4795200679732055,
                0.5204799320267944
            ],
            "uniqVals": [
                "Female",
                "Male"
            ]
        }
    },
    "pop_num": 8947000,
    "corr": [
        [
            0.9999999999999996,
            0.14877319987953988,
            0.09852453784893869,
            0.1409752207773021,
            0.3223653789044747,
            0.4472100603502741,
            0.32754037971905925
        ],
        [
            0.14877319987953988,
            1.0000000000000013,
            1.4806905701547635e-11,
            0.8072124433988187,
            1.124100812432971e-15,
            0.4311634981879823,
            0.26517575223944023
        ],
        [
            0.09852453784893869,
            1.4806905701547635e-11,
            1.0,
            0.2313935699410008,
            -5.134781488891349e-16,
            0.22958198027580817,
            0.307729232748066
        ],
        [
            0.1409752207773021,
            0.8072124433988187,
            0.2313935699410008,
            0.9999999999999996,
            8.604228440844963e-16,
            0.18778731669285054,
            0.32853746392153704
        ],
        [
            0.3223653789044747,
            1.124100812432971e-15,
            -5.134781488891349e-16,
            8.604228440844963e-16,
            1.0000000000000013,
            0.19756081581394036,
            1.3183898417423734e-16
        ],
        [
            0.4472100603502741,
            0.4311634981879823,
            0.22958198027580817,
            0.18778731669285054,
            0.19756081581394036,
            0.9999999999999996,
            0.3802447025982474
        ],
        [
            0.32754037971905925,
            0.26517575223944023,
            0.307729232748066,
            0.32853746392153704,
            1.3183898417423734e-16,
            0.3802447025982474,
            0.9999999999999978
        ]
    ]
}