{
    "avail_var": [
        "Home location",
        "Age",
        "Sex",
        "Marital status",
        "Religion",
        "Education",
        "Employment"
    ],
    "marginals": {
        "Employment": {
            "probs": [
                0.12959016606460666,
                0.8704098339353933
            ],
            "uniqVals": [
                "Unemployed",
                "Employed"
            ]
        },
        "Home location": {
            "probs": [
                0.04017342793038627,
                0.03833692836785433,
                0.12725989067629961,
                0.027751067681939065,
                0.04320538475532108,
                0.023203132444536846,
                0.019772689865467746,
                0.03424378665419233,
                0.01607370253904727,
                0.022834966258651904,
                0.053319126449925064,
                0.054215719396727216,
                0.030562124795342913,
                0.02469312265564767,
                0.024151701794052165,
                0.017775929727903532,
                0.07151519876642672,
                0.1979261415317446,
                0.04398936216291137,
                0.02120204094007987,
                0.041550802602285226,
                0.02624375200325719
            ],
            "uniqVals": [
                "Other Center",
                "Baixo Vouga",
                "Grande Porto",
                "Entre Douro e Vouga",
                "Algarve",
                "Região Autónoma dos Açores",
                "Médio Tejo",
                "Oeste",
                "Alto Trás-os-Montes",
                "Lezíria do Tejo",
                "Ave",
                "Tâmega",
                "Baixo Mondego",
                "Pinhal Litoral",
                "Dão-Lafões",
                "Douro",
                "Península de Setúbal",
                "Grande Lisboa",
                "Other Alentejo",
                "Minho-Lima",
                "Cávado",
                "Região Autónoma da Madeira"
            ]
        },
        "Education": {
            "probs": [
                0.20221419475558097,
                0.37345045349411365,
                0.2188942886596152,
                0.20544106309069016
            ],
            "uniqVals": [
                "University completed",
                "Primary completed",
                "Secondary completed",
                "Less than primary completed"
            ]
        },
        "Religion": {
            "probs": [
                0.004417994230619299,
                0.00038982302034876165,
                0.0029756490553288807,
                0.9015956755632942,
                0.0906208581304088
            ],
            "uniqVals": [
                "Other",
                "Jewish",
                "Muslim",
                "Christian",
                "No religion"
            ]
        },
        "Age": {
            "probs": [
                0.007701019872722732,
                0.00780154618861514,
                0.0079264217775204,
                0.008072224050862404,
                0.00822829408993272,
                0.008412331567082052,
                0.008605463351019317,
                0.008804364641413438,
                0.00900571063793335,
                0.009208425669883705,
                0.009411629643059216,
                0.00960026316772503,
                0.009767089913748812,
                0.00991504352848151,
                0.010055663024836846,
                0.010186503696689027,
                0.010299546907945472,
                0.010391956799500262,
                0.01046539577151894,
                0.010533163025325787,
                0.010602494891053138,
                0.010629680023171903,
                0.010597214325821436,
                0.010530718319199998,
                0.010478499396353164,
                0.01043723275694986,
                0.010422955673175258,
                0.010450531958274147,
                0.010518885941551183,
                0.010604059502973643,
                0.0107019455362502,
                0.01088461397796909,
                0.011183063701805308,
                0.011564144492693166,
                0.011950799213547818,
                0.012342930076124237,
                0.012773198354262952,
                0.013245711154255286,
                0.013736021414843357,
                0.014208827579570784,
                0.014662760613007126,
                0.015060660982040407,
                0.015377690472432613,
                0.015618151766965136,
                0.015839153200736384,
                0.016061523669938075,
                0.016100638967950685,
                0.01588051762838472,
                0.015496992131371075,
                0.015102807715648993,
                0.014644865364166358,
                0.014345926699104984,
                0.014325391167648364,
                0.014472171323440685,
                0.014567612650591453,
                0.01466941021366927,
                0.014652101694298692,
                0.01443608746102405,
                0.01409382860341371,
                0.013774843348120873,
                0.013446274844814943,
                0.013159755286872575,
                0.01295518227826662,
                0.012801654733567126,
                0.012619475233073394,
                0.012413533189036999,
                0.012228028888212195,
                0.012073230096327289,
                0.011927134458250188,
                0.011769695383749432,
                0.011619883792361134,
                0.011367198967199671,
                0.010959421985418208,
                0.010452096570194651,
                0.009945846825666441,
                0.009411336278324122,
                0.008939507996047008,
                0.008583069842907097,
                0.008294203367083967,
                0.007974142441095783,
                0.0076439115376243216,
                0.007273294088954837,
                0.006837647457339389,
                0.00635516025635384,
                0.005882647456361506,
                0.005425487410839123,
                0.004910925665483234,
                0.0043137328530757045,
                0.003674295518814556,
                0.0029854751208124876,
                0.002396985462212764,
                0.002022163119006925,
                0.001612723737059926,
                0.0011629955981599382,
                0.0008542781085954107,
                0.0007112139061142882,
                0.000580471022507138,
                0.0004235208892315389,
                0.00024046129453252231,
                0.0001323074955276546,
                0.00018090825330832302
            ],
            "uniqVals": [
                0,
                1,
                2,
                3,
                4,
                5,
                6,
                7,
                8,
                9,
                10,
                11,
                12,
                13,
                14,
                15,
                16,
                17,
                18,
                19,
                20,
                21,
                22,
                23,
                24,
                25,
                26,
                27,
                28,
                29,
                30,
                31,
                32,
                33,
                34,
                35,
                36,
                37,
                38,
                39,
                40,
                41,
                42,
                43,
                44,
                45,
                46,
                47,
                48,
                49,
                50,
                51,
                52,
                53,
                54,
                55,
                56,
                57,
                58,
                59,
                60,
                61,
                62,
                63,
                64,
                65,
                66,
                67,
                68,
                69,
                70,
                71,
                72,
                73,
                74,
                75,
                76,
                77,
                78,
                79,
                80,
                81,
                82,
                83,
                84,
                85,
                86,
                87,
                88,
                89,
                90,
                91,
                92,
                93,
                94,
                95,
                96,
                97,
                98,
                99,
                100
            ]
        },
        "Marital status": {
            "probs": [
                0.017477065412302813,
                0.5727972833666849,
                0.09622564688964544,
                0.3135000043313669
            ],
            "uniqVals": [
                "Widowed",
                "Married/in union",
                "Separated/divorced/spouse absent",
                "Single/never married"
            ]
        },
        "Sex": {
            "probs": [
                0.4841645226400548,
                0.5158354773599453
            ],
            "uniqVals": [
                "Female",
                "Male"
            ]
        }
    },
    "pop_num": 10197000,
    "corr": [
        [
            0.9999999999999993,
            1.1102230246251565e-16,
            0.051268562019252346,
            0.17245728369605867,
            0.3441161802451961,
            0.2145794290182704,
            0.12536621465917358
        ],
        [
            1.1102230246251565e-16,
            1.0,
            -4.85722573273506e-16,
            0.6484073470286641,
            0.1095713991963119,
            0.505978101819925,
            0.22259920659590743
        ],
        [
            0.051268562019252346,
            -4.85722573273506e-16,
            1.0000000000000007,
            0.16458539258735017,
            0.1644535101424407,
            0.18512082606004115,
            0.06372850394109972
        ],
        [
            0.17245728369605867,
            0.6484073470286641,
            0.16458539258735017,
            0.9999999999999998,
            0.27661135959069827,
            0.2943990488462174,
            0.21904064714701355
        ],
        [
            0.3441161802451961,
            0.1095713991963119,
            0.1644535101424407,
            0.27661135959069827,
            1.000000000000002,
            0.2700049833037964,
            0.0628538420842372
        ],
        [
            0.2145794290182704,
            0.505978101819925,
            0.18512082606004115,
            0.2943990488462174,
            0.2700049833037964,
            0.9999999999999998,
            0.17609308253059802
        ],
        [
            0.12536621465917358,
            0.22259920659590743,
            0.06372850394109972,
            0.21904064714701355,
            0.0628538420842372,
            0.17609308253059802,
            0.999999999999999
        ]
    ]
}