{
    "avail_var": [
        "Home location",
        "Age",
        "Sex",
        "Marital status",
        "Religion",
        "Education",
        "Employment"
    ],
    "marginals": {
        "Employment": {
            "probs": [
                0.07510476674113123,
                0.9248952332588688
            ],
            "uniqVals": [
                "Unemployed",
                "Employed"
            ]
        },
        "Home location": {
            "probs": [
                0.01392425114200989,
                0.021473978946485683,
                0.020923065455045225,
                0.016329402008446563,
                0.023194273295021745,
                0.018238381315996057,
                0.017826069738892628,
                0.01693738687637874,
                0.02052589526354164,
                0.029335852238712098,
                0.02828061413459993,
                0.03171770866576439,
                0.033391414135531705,
                0.027233529084272293,
                0.01590544321165095,
                0.039526004747406744,
                0.038045643124529745,
                0.017333392345913107,
                0.020035547314500555,
                0.029146002557729443,
                0.012419430357779294,
                0.09586011223260896,
                0.01514255032181268,
                0.03127278487352284,
                0.03429057949576857,
                0.022609582866473944,
                0.011015940384870727,
                0.018655351780976364,
                0.032918537016028905,
                0.025956993806008567,
                0.060665708488726655,
                0.02340858213735799,
                0.025216230633585458,
                0.03186446363388595,
                0.02279593838154894,
                0.015488472746670642,
                0.0118102807678779,
                0.018762506202144487,
                0.010522098269921986
            ],
            "uniqVals": [
                "Mehedinti",
                "Olt",
                "Hunedoara",
                "Braila",
                "Neamt",
                "Gorj",
                "Valcea",
                "Vrancea",
                "Arad",
                "Constanta",
                "Bihor",
                "Dolj",
                "Suceava",
                "Galati",
                "Bistrita Nasaud",
                "Iasi",
                "Prahova",
                "Alba",
                "Vaslui",
                "Dambovita",
                "Caras Severin",
                "Bucharest Sector 1 to 6",
                "Harghita",
                "Cluj",
                "Arges",
                "Botosani",
                "Covasna",
                "Teleorman",
                "Timis",
                "Brasov",
                "Calarasi, Giurgiu, Ialomita, Ilfov",
                "Maramures",
                "Mures",
                "Bacau",
                "Buzau",
                "Satu Mare",
                "Salaj",
                "Sibiu",
                "Tulcea"
            ]
        },
        "Education": {
            "probs": [
                0.21417489930978575,
                0.21317323841625765,
                0.5010913444851579,
                0.07156051778879864
            ],
            "uniqVals": [
                "University completed",
                "Primary completed",
                "Secondary completed",
                "Less than primary completed"
            ]
        },
        "Religion": {
            "probs": [
                0.027301082958486978,
                0.00011647219692187278,
                0.002798826892032603,
                0.9688320401037068,
                0.0009515778488517006
            ],
            "uniqVals": [
                "Other",
                "Jewish",
                "Muslim",
                "Christian",
                "No religion"
            ]
        },
        "Age": {
            "probs": [
                0.004201152142971951,
                0.0002888510483662445,
                0.026585943669386682,
                0.018726399821098704,
                0.0008712120329756084,
                0.01996915816225509,
                0.018964003102819326,
                0.03176546226650236,
                0.02055268386883367,
                0.01412691276465395,
                0.003985678578666487,
                0.011951212126153367,
                0.004337424613370542,
                2.3294439384374557e-6,
                0.015281152236149708,
                0.009569355699101067,
                9.317775753749823e-6,
                0.025353667825953267,
                0.0031400904290136904,
                0.004399154877739135,
                0.02077398104298523,
                0.026644179767847616,
                0.0033683759349805607,
                0.004283847402786481,
                1.1647219692187278e-6,
                0.020984795719413817,
                0.027460649868269946,
                0.0015118091160459086,
                0.006449065543564096,
                0.001664387694013562,
                0.004810301732873346,
                0.018793953695313392,
                0.030699741664667227,
                0.001160063081341853,
                0.02814434166420134,
                0.01822789881827309,
                0.0007908462170995162,
                0.004605310666290849,
                1.1647219692187278e-6,
                0.024075967825720322,
                0.018515585144670117,
                0.020403599456773672,
                0.019749025710072747,
                0.02605599517339216,
                0.0036164617144241497,
                0.02724517630396448,
                0.0025181288974508893,
                0.0016341049228138752,
                4.658887876874911e-6,
                0.036503551237284146,
                0.004173198815710702,
                0.010163363903402618,
                0.0275945928947301,
                0.0005625607111326455,
                0.009561202645316536,
                0.003171537922182596,
                0.025357161991860923,
                0.004559886509491319,
                0.027891596996880874,
                0.018339712127318088,
                0.003869206381744614,
                0.002018463172656055,
                0.0009492484049132632,
                0.008900805288769518,
                0.012511443393347574,
                0.007026767640296585,
                0.019981970103916495,
                0.016205941479709378,
                0.00039949963544202364,
                0.02072972160815492,
                0.004749736190473972,
                1.1647219692187278e-6,
                0.020676144397570855,
                0.004640252325367412,
                0.018226734096303873,
                0.019008262537649638,
                0.0072830064735247045,
                0.019279642756477602,
                0.01774919808892419,
                0.029139014225914132,
                0.0004996657247948342
            ],
            "uniqVals": [
                68,
                89,
                39,
                46,
                85,
                25,
                55,
                42,
                29,
                58,
                66,
                59,
                74,
                95,
                57,
                20,
                90,
                31,
                78,
                70,
                52,
                33,
                18,
                69,
                96,
                26,
                35,
                83,
                64,
                17,
                65,
                49,
                44,
                84,
                37,
                45,
                86,
                67,
                94,
                30,
                47,
                54,
                50,
                32,
                77,
                40,
                80,
                82,
                91,
                43,
                75,
                60,
                34,
                87,
                61,
                79,
                38,
                71,
                36,
                48,
                76,
                81,
                16,
                62,
                21,
                19,
                51,
                22,
                88,
                24,
                73,
                92,
                53,
                72,
                28,
                23,
                63,
                27,
                56,
                41,
                15
            ]
        },
        "Marital status": {
            "probs": [
                0.06022427886239276,
                0.6895363707729328,
                0.05220167393841416,
                0.1980376764262603
            ],
            "uniqVals": [
                "Widowed",
                "Married/in union",
                "Separated/divorced/spouse absent",
                "Single/never married"
            ]
        },
        "Sex": {
            "probs": [
                0.4425896894152397,
                0.5574103105847603
            ],
            "uniqVals": [
                "Female",
                "Male"
            ]
        }
    },
    "pop_num": 19238000,
    "corr": [
        [
            1.0000000000000002,
            0.2118130482223753,
            0.06285144473034439,
            0.15183490565545904,
            0.46496319618169074,
            0.31905287368420443,
            1.1657341758564144e-15
        ],
        [
            0.2118130482223753,
            1.0,
            0.0488834565275649,
            0.6962198024302775,
            6.38378239159465e-16,
            0.4996341245914618,
            0.4131867703860711
        ],
        [
            0.06285144473034439,
            0.0488834565275649,
            1.0,
            0.30624562456163307,
            -2.0816681711721685e-17,
            0.15266955678725957,
            0.06198051327507427
        ],
        [
            0.15183490565545904,
            0.6962198024302775,
            0.30624562456163307,
            1.0000000000000004,
            2.914335439641036e-16,
            0.37550340610488314,
            0.3834821910198416
        ],
        [
            0.46496319618169074,
            6.38378239159465e-16,
            -2.0816681711721685e-17,
            2.914335439641036e-16,
            0.9999999999999986,
            0.13050614422160145,
            8.257283745649602e-16
        ],
        [
            0.31905287368420443,
            0.4996341245914618,
            0.15266955678725957,
            0.37550340610488314,
            0.13050614422160145,
            1.0000000000000022,
            0.0961637462102097
        ],
        [
            1.1657341758564144e-15,
            0.4131867703860711,
            0.06198051327507427,
            0.3834821910198416,
            8.257283745649602e-16,
            0.0961637462102097,
            0.9999999999999984
        ]
    ]
}
