{
    "avail_var": [
        "Home location",
        "Age",
        "Sex",
        "Marital status",
        "Religion",
        "Education",
        "Employment"
    ],
    "marginals": {
        "Employment": {
            "probs": [
                0.03218170602660996,
                0.96781829397339
            ],
            "uniqVals": [
                "Unemployed",
                "Employed"
            ]
        },
        "Home location": {
            "probs": [
                0.05432324134022738,
                0.14099870109679588,
                0.03586276761668815,
                0.07684090692531056,
                0.027723308542169218,
                0.05979468302248256,
                0.09293426747375864,
                0.08714687636347224,
                0.06697626367233536,
                0.06828018194674998,
                0.0929091921223276,
                0.052949112081805826,
                0.10072768669852908,
                0.04253281109734753
            ],
            "uniqVals": [
                "Moyamba",
                "Western - urban",
                "Western - rural",
                "Kono",
                "Bonthe",
                "Koinadugu",
                "Bo",
                "Bombali",
                "Kailahun",
                "Tonkolili",
                "Port Loko",
                "Kambia",
                "Kenema",
                "Pujehun"
            ]
        },
        "Education": {
            "probs": [
                0.011319013635976108,
                0.17214730264444655,
                0.01313948414987036,
                0.8033941995697069
            ],
            "uniqVals": [
                "University completed",
                "Primary completed",
                "Secondary completed",
                "Less than primary completed"
            ]
        },
        "Religion": {
            "probs": [
                0.008901749758022858,
                0.7872908088806865,
                0.20211234760455168,
                0.0016950937567390006
            ],
            "uniqVals": [
                "Other",
                "Muslim",
                "Christian",
                "No religion"
            ]
        },
        "Age": {
            "probs": [
                0.030597551044020715,
                0.029921260245632807,
                0.02931753888000151,
                0.028775891896886893,
                0.02823027727282791,
                0.02785309540627811,
                0.027487048532056038,
                0.027123689414602734,
                0.026754570818359216,
                0.026386732106291305,
                0.026028364537122844,
                0.025589876218561722,
                0.025031078787494044,
                0.024391392676528338,
                0.023755290241254324,
                0.023110996547256457,
                0.02246683084167615,
                0.021837127827280138,
                0.021219199747299664,
                0.0205932083970129,
                0.01996017768376033,
                0.01936157585483144,
                0.018815193300267097,
                0.0183046475026196,
                0.017796405496488185,
                0.017297634633256228,
                0.016796559978508183,
                0.016283838377762164,
                0.01576650919398398,
                0.015259291095193047,
                0.014757832475192321,
                0.014268276778024693,
                0.013794847621469646,
                0.01333242546882477,
                0.012875634806552544,
                0.01242959517135537,
                0.011971780601742662,
                0.011491824035892046,
                0.011002140350306857,
                0.010524231599137202,
                0.010052210315175317,
                0.009608218494659105,
                0.009204671014091908,
                0.008831072823233787,
                0.008463874053253675,
                0.008107682287183738,
                0.00775942580300253,
                0.007414752994513008,
                0.007076351618483933,
                0.006750493107375754,
                0.006434745681254829,
                0.006130901177966998,
                0.005840111493270304,
                0.005560328812483785,
                0.005289377332508916,
                0.005028408949103741,
                0.004771536195060491,
                0.004515687348357722,
                0.004263806142599319,
                0.004021396079740367,
                0.003786921298770146,
                0.0035643494406330197,
                0.0033558563084275118,
                0.00315965006430778,
                0.0029694592758133754,
                0.002785283942944299,
                0.0026121156139853963,
                0.00245161813836495,
                0.0023007197940615163,
                0.002155196963295609,
                0.0020169694723306316,
                0.0018754142825090899,
                0.0017251558802934565,
                0.0015709298371334585,
                0.00142412712219195,
                0.0012830838860406488,
                0.0011462642676688328,
                0.0010143082091643033,
                0.0008881116294499812,
                0.0007678025169434265,
                0.0006529969063919591,
                0.0005503501955087071,
                0.00046267812947999455,
                0.00038767691678973814,
                0.0003185631713072493,
                0.0002561048235378891,
                0.00020298963025042083,
                0.00015972954511508523,
                0.00012504468395628068,
                9.343154481892005e-05,
                7.077759491077094e-05,
                5.541898480355121e-05,
                4.082830520169246e-05,
                2.70055561051947e-05,
                1.7406424788182368e-05,
                1.3438783843817267e-05,
                1.0495050239933485e-05,
                7.423328218489539e-06,
                3.967640944365098e-06,
                1.6638494282821378e-06,
                2.175803098522796e-06
            ],
            "uniqVals": [
                0,
                1,
                2,
                3,
                4,
                5,
                6,
                7,
                8,
                9,
                10,
                11,
                12,
                13,
                14,
                15,
                16,
                17,
                18,
                19,
                20,
                21,
                22,
                23,
                24,
                25,
                26,
                27,
                28,
                29,
                30,
                31,
                32,
                33,
                34,
                35,
                36,
                37,
                38,
                39,
                40,
                41,
                42,
                43,
                44,
                45,
                46,
                47,
                48,
                49,
                50,
                51,
                52,
                53,
                54,
                55,
                56,
                57,
                58,
                59,
                60,
                61,
                62,
                63,
                64,
                65,
                66,
                67,
                68,
                69,
                70,
                71,
                72,
                73,
                74,
                75,
                76,
                77,
                78,
                79,
                80,
                81,
                82,
                83,
                84,
                85,
                86,
                87,
                88,
                89,
                90,
                91,
                92,
                93,
                94,
                95,
                96,
                97,
                98,
                99,
                100
            ]
        },
        "Marital status": {
            "probs": [
                0.043565915576306805,
                0.6674557043916971,
                0.02779351952617616,
                0.26118486050582
            ],
            "uniqVals": [
                "Widowed",
                "Married/in union",
                "Separated/divorced/spouse absent",
                "Single/never married"
            ]
        },
        "Sex": {
            "probs": [
                0.4948319700700605,
                0.5051680299299395
            ],
            "uniqVals": [
                "Female",
                "Male"
            ]
        }
    },
    "pop_num": 7977000,
    "corr": [
        [
            1.0,
            0.2261558292413792,
            0.10858860521199892,
            0.19706319336297742,
            0.3732613932369995,
            0.4949702804602236,
            0.4500670378793209
        ],
        [
            0.2261558292413792,
            1.0000000000000016,
            0.16454357227189598,
            0.673201531404857,
            0.11514028608612331,
            0.3909810376962023,
            0.21190005357501945
        ],
        [
            0.10858860521199892,
            0.16454357227189598,
            1.0000000000000004,
            0.31216384662694796,
            -5.828670879282072e-16,
            0.3066499408045375,
            0.1768257593813914
        ],
        [
            0.19706319336297742,
            0.673201531404857,
            0.31216384662694796,
            1.0000000000000009,
            2.4010604615654074e-10,
            0.12676789448764725,
            0.3358512527564711
        ],
        [
            0.3732613932369995,
            0.11514028608612331,
            -5.828670879282072e-16,
            2.4010604615654074e-10,
            1.000000000000002,
            0.44270032281273186,
            0.12250018119812024
        ],
        [
            0.4949702804602236,
            0.3909810376962023,
            0.3066499408045375,
            0.12676789448764725,
            0.44270032281273186,
            1.0000000000000007,
            0.41195443416240607
        ],
        [
            0.4500670378793209,
            0.21190005357501945,
            0.1768257593813914,
            0.3358512527564711,
            0.12250018119812024,
            0.41195443416240607,
            0.9999999999999991
        ]
    ]
}