{
    "avail_var": [
        "Home location",
        "Age",
        "Sex",
        "Marital status",
        "Race",
        "Education",
        "Employment"
    ],
    "marginals": {
        "Employment": {
            "probs": [
                0.06670605436249892,
                0.9332939456375011
            ],
            "uniqVals": [
                "Unemployed",
                "Employed"
            ]
        },
        "Home location": {
            "probs": [
                0.02565186013379352,
                0.05340896768089983,
                0.026474514540416636,
                0.03350073104062043,
                0.03794306483638526,
                0.028837776290352134,
                0.05094100446103049,
                0.30553758595803715,
                0.09198772001331204,
                0.12424325142936203,
                0.07059870544111103,
                0.05376420481103254,
                0.07550097783694242,
                0.021609635526704484
            ],
            "uniqVals": [
                "San Vicente",
                "La Paz",
                "Morazán",
                "La Unión",
                "Cuscatlán",
                "Chalatenango",
                "Ahuachapán",
                "San Salvador",
                "Santa Ana",
                "La Libertad",
                "San Miguel",
                "Usulután",
                "Sonsonate",
                "Cabañas"
            ]
        },
        "Education": {
            "probs": [
                0.04609108280016603,
                0.2562531083248887,
                0.1573924846780617,
                0.5402633241968836
            ],
            "uniqVals": [
                "University completed",
                "Primary completed",
                "Secondary completed",
                "Less than primary completed"
            ]
        },
        "Age": {
            "probs": [
                0.01810181992856645,
                0.017979871543569045,
                0.01788287066808191,
                0.01780973262777851,
                0.017721254193428425,
                0.01772047942605233,
                0.017734890099247703,
                0.017763091631737574,
                0.017803844395720185,
                0.017863811390629966,
                0.017950430383277424,
                0.018020004493650786,
                0.01805409425819898,
                0.018076717465580962,
                0.01809748123126032,
                0.01807501297735355,
                0.018207033338240194,
                0.018579851399617268,
                0.0190815907523766,
                0.019522433389374844,
                0.01995196442268209,
                0.020165800218484402,
                0.02004664099604094,
                0.01968854351480968,
                0.019328431638400572,
                0.01894926048453952,
                0.018439153644118356,
                0.017775797816705536,
                0.017016525788132113,
                0.01623958906338372,
                0.015429182387988008,
                0.014723989122266043,
                0.014201176096876914,
                0.013808523990671803,
                0.013403785513399602,
                0.012999511896553061,
                0.012683406807106166,
                0.012479488033717878,
                0.012350101881909957,
                0.012235591263723068,
                0.01215083171277824,
                0.012019431165792472,
                0.011798312556654866,
                0.011520171068636644,
                0.011261553718496024,
                0.011008669646938508,
                0.010753771180203146,
                0.01050104206212085,
                0.010249862478790743,
                0.009992949616877533,
                0.009729373755529904,
                0.009477264451348484,
                0.009244524331569446,
                0.009022321048105308,
                0.008798413276413758,
                0.008579464015929218,
                0.008338821268914009,
                0.008063468943449729,
                0.007767662759256533,
                0.00747495564456772,
                0.007174810763068389,
                0.006906431343988968,
                0.006689496478682277,
                0.00650324240146896,
                0.006312804580424728,
                0.0061329035956953935,
                0.005911630033082568,
                0.005622176941373354,
                0.005293055760008058,
                0.004975246182333754,
                0.00465278800040288,
                0.004375886140186409,
                0.004173052041124653,
                0.004017478752004711,
                0.003854467696074254,
                0.0036948656165986167,
                0.003522712305630235,
                0.003324836717775488,
                0.0031097612941714254,
                0.002903053358229192,
                0.0027034732821470354,
                0.00248886271896863,
                0.0022517839018834597,
                0.0020030835741568598,
                0.0017613561528151175,
                0.0015247421961556045,
                0.0013031587265923408,
                0.0011035786505101844,
                0.0009236776657808494,
                0.0007330848912613988,
                0.0005751873000131711,
                0.00047462249459599763,
                0.0003700288988231284,
                0.0002600119314175919,
                0.00018563426331244046,
                0.00015216431266512232,
                0.00012287810584871893,
                8.847843435008639e-05,
                4.89652981692247e-05,
                2.6032183836803003e-05,
                3.285013674644189e-05
            ],
            "uniqVals": [
                0,
                1,
                2,
                3,
                4,
                5,
                6,
                7,
                8,
                9,
                10,
                11,
                12,
                13,
                14,
                15,
                16,
                17,
                18,
                19,
                20,
                21,
                22,
                23,
                24,
                25,
                26,
                27,
                28,
                29,
                30,
                31,
                32,
                33,
                34,
                35,
                36,
                37,
                38,
                39,
                40,
                41,
                42,
                43,
                44,
                45,
                46,
                47,
                48,
                49,
                50,
                51,
                52,
                53,
                54,
                55,
                56,
                57,
                58,
                59,
                60,
                61,
                62,
                63,
                64,
                65,
                66,
                67,
                68,
                69,
                70,
                71,
                72,
                73,
                74,
                75,
                76,
                77,
                78,
                79,
                80,
                81,
                82,
                83,
                84,
                85,
                86,
                87,
                88,
                89,
                90,
                91,
                92,
                93,
                94,
                95,
                96,
                97,
                98,
                99,
                100
            ]
        },
        "Marital status": {
            "probs": [
                0.019541781495510925,
                0.44721737146959734,
                0.0355386703661186,
                0.49770217666877314
            ],
            "uniqVals": [
                "Widowed",
                "Married/in union",
                "Separated/divorced/spouse absent",
                "Single/never married"
            ]
        },
        "Race": {
            "probs": [
                0.0012713749920539063,
                0.12604187310929713,
                0.006476533783051076,
                0.8635029372501655,
                0.0027072808654324356
            ],
            "uniqVals": [
                "Black",
                "White",
                "Other",
                "Mestizo (Indigenous and White)",
                "Indigenous"
            ]
        },
        "Sex": {
            "probs": [
                0.4254880771201113,
                0.5745119228798887
            ],
            "uniqVals": [
                "Female",
                "Male"
            ]
        }
    },
    "pop_num": 6486000,
    "corr": [
        [
            1.0000000000000016,
            0.15749978222492733,
            0.08157896853902985,
            0.1009759924532407,
            0.21853685127968442,
            0.3315652969747602,
            3.400058012914542e-16
        ],
        [
            0.15749978222492733,
            0.999999999999997,
            0.12312406130793961,
            0.8126220699054855,
            0.0017775068410875033,
            0.7211342733323796,
            0.4858588036124081
        ],
        [
            0.08157896853902985,
            0.12312406130793961,
            1.0000000000000004,
            0.29049209715800983,
            0.09094557608095896,
            0.12561178046599542,
            0.08641125285448693
        ],
        [
            0.1009759924532407,
            0.8126220699054855,
            0.29049209715800983,
            0.9999999999999997,
            -4.3021142204224816e-16,
            0.3958732967953221,
            0.15853895797812242
        ],
        [
            0.21853685127968442,
            0.0017775068410875033,
            0.09094557608095896,
            -4.3021142204224816e-16,
            1.0000000000000007,
            0.19384176097628145,
            1.1449174941446927e-15
        ],
        [
            0.3315652969747602,
            0.7211342733323796,
            0.12561178046599542,
            0.3958732967953221,
            0.19384176097628145,
            0.9999999999999993,
            0.10932364205706714
        ],
        [
            3.400058012914542e-16,
            0.4858588036124081,
            0.08641125285448693,
            0.15853895797812242,
            1.1449174941446927e-15,
            0.10932364205706714,
            0.9999999999999974
        ]
    ]
}