{
    "avail_var": [
        "Home location",
        "Age",
        "Sex",
        "Marital status",
        "Religion",
        "Education",
        "Employment"
    ],
    "marginals": {
        "Employment": {
            "probs": [
                0.027477355349734854,
                0.9725226446502652
            ],
            "uniqVals": [
                "Unemployed",
                "Employed"
            ]
        },
        "Home location": {
            "probs": [
                0.03985050303629266,
                0.04878242186247329,
                0.0017894156849368981,
                0.00844156412072871,
                0.009891638023771417,
                0.016567108918799943,
                0.011840229492998889,
                0.01403428984569278,
                0.017510502394925034,
                0.008320870394178715,
                0.01678575697414414,
                0.017890658480483476,
                0.01945209712638149,
                0.024190637781800903,
                0.04320660492045584,
                0.020562829247530005,
                0.03784185623453065,
                0.04909377669328342,
                0.028607328499753656,
                0.026364874044143585,
                0.02128815772979182,
                0.08867607144835388,
                0.022422795371657964,
                0.023224504907920017,
                0.01073882635554506,
                0.033816982831754695,
                0.008558176416912281,
                0.031075427748478938,
                0.029455099893008218,
                0.021210027491348826,
                0.03134130378377748,
                0.022572642172253854,
                0.03660459977202296,
                0.0552060101977453,
                0.03556616727450826,
                0.06721824282761496
            ],
            "uniqVals": [
                "Mukono, Kayunga, Buikwe, Buvuma",
                "Arua, Yumbe, Koboko, Maracha",
                "Kalangala",
                "Kapchorwa, Bukwo, Kween",
                "Adjumani, Moyo",
                "Kabale, Rubanda",
                "Jinja",
                "Kumi, Bukedea, Ngora",
                "Hoima",
                "Kisoro",
                "Rukungiri, Kanungu",
                "Rakai, Lyantonde",
                "Masindi, Buliisa, Kiryandongo",
                "Kotido, Moroto, Nakapiripirit, Abim, Kaabong, Amudat, Napak",
                "Kampala",
                "Nebbi, Zombo",
                "Mbale, Sironko, Bududa, Manafwa, Bulambuli",
                "Kabarole, Kamwenge, Kyenjojo, Kyegegwa",
                "Kamuli, Kaliro, Buyende",
                "Kibaale, Kagadi, Kakumiro",
                "Gulu, Amuru, Nwoya, Omoro",
                "Bushenyi, Mbarara, Ntungamo, Ibanda, Isingiro, Kiruhura, Buhweju, Mitooma, Rubirizi, Sheema",
                "Pallisa, Budaka, Kibuku",
                "Luwero, Nakasongola, Nakaseke",
                "Kiboga, Kyankwanzi",
                "Lira, Amolatar, Dokolo, Alebtong, Otuke",
                "Bundibugyo, Ntoroko",
                "Apac, Oyam, Kole",
                "Mubende, Mityana",
                "Kasese",
                "Busia, Tororo, Butaleja",
                "Kitgum, Pader, Agago, Lamwo",
                "Katakwi, Soroti, Kaberamaido, Amuria, Serere",
                "Bugiri, Iganga, Mayuge, Namutumba, Luuka, Namayingo",
                "Masaka, Ssembabule, Bukomansimbi, Kalungu, Lwengo",
                "Mpigi, Wakiso, Butambala, Gomba"
            ]
        },
        "Education": {
            "probs": [
                0.023368521093706726,
                0.4174451995090622,
                0.06875519289131442,
                0.4904310865059166
            ],
            "uniqVals": [
                "University completed",
                "Primary completed",
                "Secondary completed",
                "Less than primary completed"
            ]
        },
        "Religion": {
            "probs": [
                0.011972584449167243,
                0.0002011562109166601,
                9.270677546593901e-05,
                0.00047402898398621644,
                0.12475999731791719,
                0.8599789514805388,
                0.002520574782007889
            ],
            "uniqVals": [
                "Other",
                "Jewish",
                "Buddhist",
                "Hindu",
                "Muslim",
                "Christian",
                "No religion"
            ]
        },
        "Age": {
            "probs": [
                0.03597067666341681,
                0.035380452047135656,
                0.03475679590143906,
                0.034101944524578466,
                0.03339732986440556,
                0.0326786875152009,
                0.03193736593928469,
                0.03117539813506731,
                0.03039490745644408,
                0.029598243146022572,
                0.02878777703528158,
                0.02796429973471404,
                0.027129437643048263,
                0.02628605954693004,
                0.025440264441590567,
                0.024596728223373755,
                0.023744788945060637,
                0.022881758530975228,
                0.022017621262199714,
                0.02116292614159694,
                0.020313065039436667,
                0.019505332182114102,
                0.018758476332747354,
                0.018056572337121643,
                0.017365059222260195,
                0.016691526848895157,
                0.016027910989998617,
                0.015366915440164374,
                0.014714277772683988,
                0.014083144710611374,
                0.013471302544566318,
                0.012877441120017676,
                0.012302373636329609,
                0.011746145271244568,
                0.011207197392647915,
                0.010685010456501436,
                0.010185163913998112,
                0.009710052185487974,
                0.009256874250938912,
                0.008820818680779653,
                0.008403150451798885,
                0.007999532500721093,
                0.007607480051711347,
                0.007229048692051272,
                0.006866203653537586,
                0.006515353305645251,
                0.0061901639154663905,
                0.005896486000648708,
                0.005626006856580794,
                0.005365783060049781,
                0.005120016141103824,
                0.00486916672613187,
                0.004602640634528621,
                0.0043297218923682304,
                0.00407015317310279,
                0.0038199588353964088,
                0.0035832500538123383,
                0.0033640928251713756,
                0.0031597538960550955,
                0.0029618753841096374,
                0.0027702314006227344,
                0.0025939252606987273,
                0.0024360516396956674,
                0.002291889463527184,
                0.0021543458266281095,
                0.0020256570272498813,
                0.0018946415741353088,
                0.001755358594151782,
                0.0016128002278403906,
                0.0014777413667762475,
                0.0013474713464121542,
                0.0012258076859854147,
                0.0011155965832705872,
                0.0010142177292053799,
                0.0009171759384156893,
                0.0008264590315694611,
                0.0007361035466628592,
                0.0006430373972090591,
                0.000550761858248192,
                0.0004649693253293734,
                0.00038335573358748524,
                0.00031475333167214773,
                0.0002637928381848243,
                0.00022575317903914487,
                0.00019132773928972957,
                0.000162346217505937,
                0.00013512662767782316,
                0.00010689053864451006,
                7.942247123290308e-05,
                5.3196791738761876e-05,
                3.4448028620641975e-05,
                2.4870347220542175e-05,
                1.705459777612111e-05,
                1.043605850671252e-05,
                5.579451192982668e-06,
                3.681986009944028e-06,
                2.801020032104659e-06,
                1.8296985693586886e-06,
                7.906104929327668e-07,
                2.0329984103985428e-07,
                1.3553322735990287e-07
            ],
            "uniqVals": [
                0,
                1,
                2,
                3,
                4,
                5,
                6,
                7,
                8,
                9,
                10,
                11,
                12,
                13,
                14,
                15,
                16,
                17,
                18,
                19,
                20,
                21,
                22,
                23,
                24,
                25,
                26,
                27,
                28,
                29,
                30,
                31,
                32,
                33,
                34,
                35,
                36,
                37,
                38,
                39,
                40,
                41,
                42,
                43,
                44,
                45,
                46,
                47,
                48,
                49,
                50,
                51,
                52,
                53,
                54,
                55,
                56,
                57,
                58,
                59,
                60,
                61,
                62,
                63,
                64,
                65,
                66,
                67,
                68,
                69,
                70,
                71,
                72,
                73,
                74,
                75,
                76,
                77,
                78,
                79,
                80,
                81,
                82,
                83,
                84,
                85,
                86,
                87,
                88,
                89,
                90,
                91,
                92,
                93,
                94,
                95,
                96,
                97,
                98,
                99,
                100
            ]
        },
        "Marital status": {
            "probs": [
                0.04055950579708877,
                0.5757615511767639,
                0.0563686347906955,
                0.3273103082354519
            ],
            "uniqVals": [
                "Widowed",
                "Married/in union",
                "Separated/divorced/spouse absent",
                "Single/never married"
            ]
        },
        "Sex": {
            "probs": [
                0.49202809190215063,
                0.5079719080978494
            ],
            "uniqVals": [
                "Female",
                "Male"
            ]
        }
    },
    "pop_num": 45741000,
    "corr": [
        [
            1.0000000000000002,
            0.25048875762149647,
            -3.7470027081099033e-16,
            0.14341695966547005,
            0.4992647055587763,
            0.385343335630723,
            0.35617301081069175
        ],
        [
            0.25048875762149647,
            1.0000000000000009,
            0.04481695604050612,
            0.8102434879387487,
            5.997026486515011e-11,
            0.5045146043263395,
            0.31481367320365605
        ],
        [
            -3.7470027081099033e-16,
            0.04481695604050612,
            1.0000000000000004,
            0.3149470612406754,
            2.5673907444456745e-16,
            0.1633858813825424,
            0.05655421156704047
        ],
        [
            0.14341695966547005,
            0.8102434879387487,
            0.3149470612406754,
            1.0000000000000002,
            0.06933260033668516,
            0.1702285014669784,
            0.34969501890830457
        ],
        [
            0.4992647055587763,
            5.997026486515011e-11,
            2.5673907444456745e-16,
            0.06933260033668516,
            1.0000000000000004,
            0.10542511938716316,
            8.326672684688674e-17
        ],
        [
            0.385343335630723,
            0.5045146043263395,
            0.1633858813825424,
            0.1702285014669784,
            0.10542511938716316,
            1.0,
            0.2118024608624206
        ],
        [
            0.35617301081069175,
            0.31481367320365605,
            0.05655421156704047,
            0.34969501890830457,
            8.326672684688674e-17,
            0.2118024608624206,
            0.9999999999999981
        ]
    ]
}